Copy of P99 but modified to make vert shift faster and all blocks
a multiple of 4 lines.

Modified 14-09-04 by MAB/BR to increase overlap of transition R3 to R1 to
remove 33KHz noise.
Also has new verticals suitable for IMO CCD77-00 - DU412 512x512 CCDs

Modified 25-02-05 by MAB/MH to only allow 33 and 50 khz operation and copy of p01b12_4e 
renamed _d

SIIB---- 	SSI-ISR- 	--F-A--- 	R--RR--M 	--F----F 	SSR-C-P-
441      	123 23S  	    M    	   31  U 	  I    R 	CC2 T X
         	      T  	    P    	       X 	  R    A 	51  G L
<VS-st>
00000000	00001010	00000100	00001000	00000000	00000000
00000000	00001010	00000100	00001000	00000000	00000000
00000000	00101010	00000100	00001000	00000000	00000000
00000000	00100010	00000100	00001000	00000000	00000000
00100000	00100010	00000100	00001000	00000000	00000000
00100000	00000010	00000100	00001000	00000000	00000000
00100000	00000010	00000100	00001000	00000000	00000000
00010000	00000010	00000100	00001000	00000000	00000000
<\VS-st>					
					
<VS-all>	
00000000	00001010	00000100	00001000	00000000	00000000
00000000	00001010	00000100	00001000	00000000	00000000
00000000	00101010	00000100	00001000	00000000	00000000
00000000	00100010	00000100	00001000	00000000	00000000
00100000	00100010	00000100	00001000	00000000	00000000
00100000	00000010	00000100	00001000	00000000	00000000
00100000	00000010	00000100	00001000	00000000	00000000
00010000	00000010	00000100	00001000	00000000	00000000
<\VS-all>				

SIIB---- 	SSI-ISR- 	--F-A--- 	R--RR--M 	--F----F 	SSR-C-P-
441      	123 23S  	    M    	   31  U 	  I    R 	CC2 T X
         	      T  	    P    	       X 	  R    A 	51  G L
<HV>					
00000000	00000010	00000100	00001000	00000000	00000000
00000000	00000010	00000100	00001000	00000000	00000000
00000000	00000010	00000100	00001000	00000000	00000000
00010000	00000010	00000100	00001000	00000000	00000000
<\HV>

<VH>					
00000000	00000010	00000100	00001000	00000000	00000000
00000000	00000010	00000100	00001000	00000000	00000000
00000000	00000010	00000100	00001000	00000000	00000000
00010000	00000010	00000100	00001000	00000000	00000000
<\VH>					

<HS4D0.1>	
00000001	00000000	00000000	00001000	00000000	00000000
00000111	00000000	00000000	00001000	10000000	00000000
00001001	00000000	01000000	00001000	00000000	00000000
00000011	00000010	00000000	00000000	00000000	00100000
00000011	00000010	00000000	00000000	00000000	00100000
00000101	00000000	00001000	00010000	00000000	00000000
00000100	00000000	00000100	00010000	00000000	00000000
00000010	00000000	00000000	00010000	00000000	00000000
00010111	00000000	00000000	00010000	00010000	00000000
<\HS4D0.1>

<HS-exp4D0.1>					
00000001	00000000	00000000	00001000	00000000	00000000
00000111	00000000	00000000	00001000	10000000	00000000
00001001	00000000	01000000	00001000	00000000	00000000
00000011	00000010	00000000	00000000	00000000	00100000
00000011	00000010	00000000	00000000	00000000	00100000
00000101	00000000	00001000	00010000	00000000	00000000
00000100	00000000	00000100	00010000	00000000	00000000
00000010	00000000	00000000	00010000	00000000	00000000
00010111	00000000	00000000	00010000	00010000	00000000
<\HS-exp4D0.1>				
					
SIIB---- 	SSI-ISR- 	--F-A--- 	R--RR--M 	--F----F 	SSR-C-P-
441      	123 23S  	    M    	   31  U 	  I    R 	CC2 T X
         	      T  	    P    	       X 	  R    A 	51  G L
<HS-rd-clk4D0.1>					
00000001	00000000	00000000	00001000	00000000	00000000
00000111	00000000	00000000	00001000	10000000	00000000
00001001	00000000	01000000	00001000	00000000	00000010
00000011	00000010	00000000	00000000	00000000	00100000
00000011	00000010	00000000	00000000	00000000	00100000
00000101	00000000	00001000	00010000	00000000	00000000
00000100	00000000	00000100	00010000	00000000	00000000
00000010	00000000	00000000	00010000	00000000	00000000
00010111	00000000	00000000	00010000	00010000	00000000
<\HS-rd-clk4D0.1>		
					
<HS-rd4D0.1>				
00000001	00000000	00000000	00001000	00000000	00000000
00000111	00000000	00000000	00001000	10000000	00000000
00001001	00000000	01000000	00001000	00000000	00000000
00000011	00000010	00000000	00000000	00000000	00100000
00000011	00000010	00000000	00000000	00000000	00100000
00000101	00000000	00001000	00010000	00000000	00000000
00000100	00000000	00000100	00010000	00000000	00000000
00000010	00000000	00000000	00010000	00000000	00000000
00010111	00000000	00000000	00010000	00010000	00000000
<\HS-rd4D0.1>				

<HS-amp-rst4D0.1>				
00000001	00000000	00000000	00001000	00000000	00000000
00000111	00000000	00000000	00001000	10000000	00000000
00001001	00000000	01000000	00001000	00000000	00000000
00000011	00000010	00000000	00000000	00000000	00100000
00000011	00000010	00000000	00000000	00000000	00100000
00000101	00000000	00001000	00010000	00000000	00000000
00000100	00000000	00000100	00010000	00000000	00000000
00000010	00000000	00000000	00010000	00000000	00000000
00010111	00000000	00000000	00010000	00010000	00000000
<\HS-amp-rst4D0.1>				

<HBIN4D0.1>					
00000011	00000000	00000000	00001000	00000000	00000000
00000011	00000000	00000000	00000000	00000000	00100000
00010011	00000000	00000000	00010000	00000000	00000000
<\HBIN4D0.1>	

<HS4D0.05>	
00000001	00000000	00000000	00001000	00000000	00000000
00001001	00000000	00000000	00001000	10000000	00000000
00001001	00000000	01000000	00001000	00000000	00000000
00000100	00000010	00000000	00000000	00000000	00100000
00000100	00000010	00000000	00000000	00000000	00100000
00000101	00000000	00001000	00010000	00000000	00000000
00000100	00000000	00000100	00010000	00000000	00000000
00000010	00000000	00000000	00010000	00000000	00000000
00011001	00000000	00000000	00010000	00010000	00000000
<\HS4D0.05>

<HS-exp4D0.05>					
00000001	00000000	00000000	00001000	00000000	00000000
00001001	00000000	00000000	00001000	10000000	00000000
00001001	00000000	01000000	00001000	00000000	00000000
00000100	00000010	00000000	00000000	00000000	00100000
00000100	00000010	00000000	00000000	00000000	00100000
00000101	00000000	00001000	00010000	00000000	00000000
00000100	00000000	00000100	00010000	00000000	00000000
00000010	00000000	00000000	00010000	00000000	00000000
00011001	00000000	00000000	00010000	00010000	00000000
<\HS-exp4D0.05>				
					
SIIB---- 	SSI-ISR- 	--F-A--- 	R--RR--M 	--F----F 	SSR-C-P-
441      	123 23S  	    M    	   31  U 	  I    R 	CC2 T X
         	      T  	    P    	       X 	  R    A 	51  G L
<HS-rd-clk4D0.05>					
00000001	00000000	00000000	00001000	00000000	00000000
00001001	00000000	00000000	00001000	10000000	00000000
00001001	00000000	01000000	00001000	00000000	00000010
00000100	00000010	00000000	00000000	00000000	00100000
00000100	00000010	00000000	00000000	00000000	00100000
00000101	00000000	00001000	00010000	00000000	00000000
00000100	00000000	00000100	00010000	00000000	00000000
00000010	00000000	00000000	00010000	00000000	00000000
00011001	00000000	00000000	00010000	00010000	00000000
<\HS-rd-clk4D0.05>		
					
<HS-rd4D0.05>				
00000001	00000000	00000000	00001000	00000000	00000000
00001001	00000000	00000000	00001000	10000000	00000000
00001001	00000000	01000000	00001000	00000000	00000000
00000100	00000010	00000000	00000000	00000000	00100000
00000100	00000010	00000000	00000000	00000000	00100000
00000101	00000000	00001000	00010000	00000000	00000000
00000100	00000000	00000100	00010000	00000000	00000000
00000010	00000000	00000000	00010000	00000000	00000000
00011001	00000000	00000000	00010000	00010000	00000000
<\HS-rd4D0.05>				

<HS-amp-rst4D0.05>				
00000001	00000000	00000000	00001000	00000000	00000000
00001001	00000000	00000000	00001000	00000000	00000000
00001001	00000000	01000000	00001000	00000000	00000000
00000100	00000010	00000000	00000000	00000000	00100000
00000100	00000010	00000000	00000000	00000000	00100000
00000101	00000000	00001000	00010000	00000000	00000000
00000100	00000000	00000100	00010000	00000000	00000000
00000010	00000000	00000000	00010000	00000000	00000000
00011001	00000000	00000000	00010000	00000000	00000000
<\HS-amp-rst4D0.05>				

<HBIN4D0.05>					
00000011	00000000	00000000	00001000	00000000	00000000
00000011	00000000	00000000	00000000	00000000	00100000
00010011	00000000	00000000	00010000	00000000	00000000
<\HBIN4D0.05>	


<ET-KC>				
00100111	11001000	00100000	00010001	00000000	00001000
00100111	11001000	00100000	00010001	00000000	00001000
00100111	11001000	00100000	00010001	00000000	00001000
00110111	11001000	00100000	00010001	00000000	00001000
00100111	10000010	00001000	00001001	00000000	00101000
00100111	10000010	00001000	00001001	00000000	00101000
00100111	10000010	00001000	00001001	00000000	00101000
00000111	01001000	00001000	00001001	00000000	00101000
00000111	01001000	00000000	00001001	00000000	00101000
00000111	01001000	00000000	00001001	00000000	00101000
00000111	01001000	00000000	00001001	00000000	00101000
00110111	11001000	00000000	00001001	00000000	00101000
00100111	11001010	00000000	10000001	00000000	00101000
00100111	11001010	00000000	00000001	00000000	00101000
00100111	11001000	00100000	00010001	00000000	00001000
00110111	11001000	00100000	00010001	00000000	00001000
00100000	11001010	00000000	10000001	00000000	10101000
00100000	11001010	00000000	00000001	00000000	10101000
00100000	11001000	00100000	00010001	00000000	00001000
00100000	11001000	00100000	00010001	00000000	00000000
00100000	11001000	00100000	00010001	00000000	00000000
00100000	11001000	00000000	00001001	00000000	00000000
00100000	11001000	00000000	00001001	00000000	00001000
00110000	11001000	00000000	10001001	00000000	00001000
<\ET-KC>				