P01B60_3A.txt  1/4/5
2 phase device.
For iXon 60BI Datel ADS937 1MHz 16bit A/D with EM.
Full IMO clocking (well depth should be OK with later batches).
Important for horz clks to have 90% overlap, if not done in pattern then in verniers.
PDT is used to generate delay for better hole transport.

SIIBSSSS 	SSI-ISR- 	--H-A-D- 	HC-RR--M 	--F----F 	SSR-C-P-
441 PPPP     	123 23S  	  V M M  	VG 31  U 	  I    R 	CC2 G X
    3210     	      T  	  F P P  	R3     X 	  R    A 	23  2 L
<VS-st>
11100000	10101110	00000000	00001000	00000000	00101000
11100000	10101110	00000000	00001000	00000000	00101000
11100000	01101110	00000000	00001000	00000000	00101000
11110000	01101110	00000000	00001000	00000000	00101000
<\VS-st>					
					
<VS-all>				
11100000	10100110	00000000	00001000	00000000	00101000
11100000	10100110	00100000	00001000	00000000	00101000
11000000	01101110	00000000	10001000	00000000	00101000
11010000	01101110	00000000	00001000	00000000	00101000
<\VS-all>				

<PDT>
11101001	10100100	00000000	00001000	00000000	00101000
11100000	10100100	00000000	00001000	00000000	00101000
11100000	10100100	00000000	00001000	00000000	00101000
11010000	10100100	00000000	00001000	00000000	00101000
<\PDT>

<HV>
11100000	11101100	00000000	00001000	00000000	00101000
11100000	11101100	00000000	00001000	00000000	00101000
11100000	11101100	00000000	00001000	00000000	00101000
11110000	11101100	00000000	00001000	00000000	00101000
<\HV>

<VH>					
11100000	11101100	00000000	00001000	00000000	00101000
11100000	11101100	00000000	00001000	00000000	00101000
11100000	11101100	00000000	00001000	00000000	00101000
11110000	11101100	00000000	00001000	00000000	00101000
<\VH>					


****************************************************************************************
1MHz EM output starts here.

SIIBSSSS 	SSI-ISR- 	--H-A-D- 	HC-RR--M 	--F----F 	SSR-C-P-
441 PPPP     	123 23S  	  V M M  	VG 31  U 	  I    R 	CC2 G X
    3210     	      T  	  F P P  	R3     X 	  R    A 	23  2 L
<HS3A1>
11100000	11101110	00000000	00001000	00000000	01101000
11100010	11101110	00000000	00000000	00000000	01101000
11100000	11101100	00100000	00010000	00000000	00101000
11100001	11101100	00000000	00010000	00000000	00001000
11100010	11101100	00000000	01010000	00000000	00001000
11100010	11101100	00000000	01010000	00000000	00001000
11100010	11101100	00000000	01010000	00000000	00001000
11100010	11101100	00000000	01010000	00000000	00001000
11100010	11101100	00000000	01010000	00000000	00001000
11100000	11101100	00000000	10001000	00000000	00001000
11100001	11101100	00000000	00001000	00000000	00001000
11100010	11101100	00000000	00001000	00000000	00001000
11100010	11101100	00000000	00001000	00000000	00001000
11100010	11101100	00000000	00001000	00000000	00001000
11100010	11101100	00000000	00001000	00000000	00001000
11110010	11101100	00000000	00001000	00000000	00001000
<\HS3A1>

<HS-EXP3A1>
11100000	11101110	00000000	00001000	00000000	01101000
11100010	11101110	00000000	00000000	00000000	01101000
11100000	11101100	00100000	00010000	00000000	00101000
11100001	11101100	00000000	00010000	00000000	00001000
11100010	11101100	00001000	01010000	00000000	00001000
11100010	11101100	00001000	01010000	00000000	00001000
11100010	11101100	00001000	01010000	00000000	00001000
11100010	11101100	00001000	01010000	00000000	00001000
11100010	11101100	00000000	01010000	00000000	00001000
11100000	11101100	00000000	10001000	00000000	00001000
11100001	11101100	00000000	00001000	00000000	00001000
11100010	11101100	00000000	00001000	00000000	00001000
11100010	11101100	00000000	00001000	00000000	00001000
11100010	11101100	00000000	00001000	00000000	00001000
11100010	11101100	00000000	00001000	00000000	00001000
11110010	11101100	00000000	00001000	00000000	00001000
<\HS-EXP3A1>

SIIBSSSS 	SSI-ISR- 	--H-A-D- 	HC-RR--M 	--F----F 	SSR-C-P-
441 PPPP     	123 23S  	  V M M  	VG 31  U 	  I    R 	CC2 G X
    3210     	      T  	  F P P  	R3     X 	  R    A 	23  2 L

<HS-rd-clk3A1>
11100000	11101110	00000000	00001000	00000000	01101000
11100010	11101110	00000000	00000000	00000000	01101000
11100000	11101100	00100000	00010000	00000000	00101000
11100001	11101100	00000000	00010000	00000000	00001000
11100010	11101100	00000000	01010000	00000000	00001010
11100010	11101100	00000000	01010000	00000000	00001000
11100010	11101100	00000000	01010000	00000000	00001000
11100010	11101100	00000000	01010000	00000000	00001000
11100010	11101100	00000000	01010000	00000000	00001000
11100000	11101100	00000000	10001000	00000000	00001000
11100001	11101100	00000000	00001000	00000000	00001000
11100010	11101100	00000000	00001000	00000000	00001000
11100010	11101100	00000000	00001000	00000000	00001000
11100010	11101100	00000000	00001000	00000000	00001000
11100010	11101100	00000000	00001000	00000000	00001000
11110010	11101100	00000000	00001000	00000000	00001000
<\HS-rd-clk3A1>

<HS-rd3A1>
11100000	11101110	00000000	00001000	00000000	01101000
11100010	11101110	00000000	00000000	00000000	01101000
11100000	11101100	00100000	00010000	00000000	00101000
11100001	11101100	00000000	00010000	00000000	00001000
11100010	11101100	00000000	01010000	00000000	00001000
11100010	11101100	00000000	01010000	00000000	00001000
11100010	11101100	00000000	01010000	00000000	00001000
11100010	11101100	00000000	01010000	00000000	00001000
11100010	11101100	00000000	01010000	00000000	00001000
11100000	11101100	00000000	10001000	00000000	00001000
11100001	11101100	00000000	00001000	00000000	00001000
11100010	11101100	00000000	00001000	00000000	00001000
11100010	11101100	00000000	00001000	00000000	00001000
11100010	11101100	00000000	00001000	00000000	00001000
11100010	11101100	00000000	00001000	00000000	00001000
11110010	11101100	00000000	00001000	00000000	00001000
<\HS-rd3A1>

SIIBSSSS 	SSI-ISR- 	--H-A-D- 	HC-RR--M 	--F----F 	SSR-C-P-
441 PPPP     	123 23S  	  V M M  	VG 31  U 	  I    R 	CC2 G X
    3210     	      T  	  F P P  	R3     X 	  R    A 	23  2 L

<HS-amp-rst3A1>
11100000	11101110	00000000	00001000	00000000	01101000
11100010	11101110	00000000	00000000	00000000	01101000
11100000	11101100	00100000	00010000	00000000	00101000
11100001	11101100	00000000	00010000	00000000	00001000
11100010	11101100	00001000	01010000	00000000	00001000
11100010	11101100	00001000	01010000	00000000	00001000
11100010	11101100	00001000	01010000	00000000	00001000
11100010	11101100	00001000	01010000	00000000	00001000
11100010	11101100	00000000	01010000	00000000	00001000
11100000	11101100	00000000	10001000	00000000	00001000
11100001	11101100	00000000	00001000	00000000	00001000
11100010	11101100	00000000	00001000	00000000	00001000
11100010	11101100	00000000	00001000	00000000	00001000
11100010	11101100	00000000	00001000	00000000	00001000
11100010	11101100	00000000	00001000	00000000	00001000
11110010	11101100	00000000	00001000	00000000	00001000
<\HS-amp-rst3A1>

<HBIN3A1>
11100000	11101100	00000000	00001000	00000000	01101000
11100010	11101100	00000000	00000000	00000000	01101000
11100000	11101100	00100000	00010000	00000000	00101000
11100001	11101100	00000000	00010000	00000000	00001000
11100010	11101100	00000000	00010000	00000000	00001000
11100010	11101100	00000000	00010000	00000000	00001000
11100010	11101100	00000000	00010000	00000000	00001000
11100010	11101100	00000000	00010000	00000000	00001000
11100010	11101100	00000000	00010000	00000000	00001000
11100000	11101100	00000000	10001000	00000000	00001000
11100001	11101100	00000000	00001000	00000000	00001000
11100010	11101100	00000000	00001000	00000000	00001000
11100010	11101100	00000000	00001000	00000000	00001000
11100010	11101100	00000000	00001000	00000000	00001000
11100010	11101100	00000000	00001000	00000000	00001000
11110010	11101100	00000000	00001000	00000000	00001000
<\HBIN3A1>

****************************************************************************************
