P01B87_2B.txt
For iXon 87BI (Datel 1410 at 10MHz only).

SIIBSSSS 	SSI-ISR- 	--H-A-D- 	HC-RR--M 	--F----F 	SSR-C-P-
441 PPPP     	123 23S  	  V M M  	VG 31  U 	  I    R 	CC2 G X
    3210     	      T  	  F P P  	R3     X 	  R    A 	23  2 L
<VS-st>
11100000	00101110	00000000	00001001	00000000	00101000
11100000	00101010	00000000	00001001	00000000	00101000
11100000	10101010	00000000	00001001	00000000	00101000
01100000	10101000	00000000	00001001	00000000	00101000
01100000	11101000	00000000	00001001	00000000	00101000
01100000	01101000	00000000	00001001	00000000	00101000
01100000	01101100	00000000	00001001	00000000	00101000
11110000	11101100	00000000	00001001	00000000	00101000	
<\VS-st>

<VS-all>
11000000	00100110	00000000	00001001	00000000	00101000
11000000	00000010	00000000	00001001	00000000	00101000
11100000	10000010	00100000	00001001	00000000	00101000
00100000	10000000	00000000	10001001	00000000	00101000
00100000	11001000	00000000	00001001	00000000	00101000
00000000	01001000	00000000	00001001	00000000	00101000
00000000	01101100	00100000	00001001	00000000	00101000
11110000	11101100	00000000	10001001	00000000	00101000
<\VS-all>

<VH>
11100000	11101100	00000000	00001001	00000000	00101000
11100000	11101100	00000000	00001001	00000000	00101000
11100000	11101100	00000000	00001001	00000000	00101000
11110000	11101100	00000000	00001001	00000000	00101000
<\VH>

<HV>
11100000	11101100	00000000	00001001	00000000	00101000
11100000	11101100	00000000	00001001	00000000	00101000
11100000	11101100	00000000	00001001	00000000	00101000
11110000	11101100	00000000	00001001	00000000	00101000
<\HV>

SIIBSSSS 	SSI-ISR- 	--H-A-D- 	HC-RR--M 	--F----F 	SSR-C-P-
441 PPPP     	123 23S  	  V M M  	VG 31  U 	  I    R 	CC2 G X
    3210     	      T  	  F P P  	R3     X 	  R    A 	23  2 L
<HS2B10>
00100000	11001010	00000000	00000001	00000000	10101000
00100000	11001000	00100000	00010001	00000000	10000000
00100000	11001000	00000000	10001001	00000000	00000000
00110000	11001000	00000000	00001001	00000000	00001000
<\HS2B10>

<HS-EXP2B10>
00100000	11001010	00000000	00000001	00000000	10101000
00100000	11001000	00101000	00010001	00000000	10000000
00100000	11001000	00000000	10001001	00000000	00000000
00110000	11001000	00000000	00001001	00000000	00001000
<\HS-EXP2B10>

<HS-rd-clk2B10>
00100000	11001010	00000000	00000001	00000000	10101000
00100000	11001000	00100000	00010001	00000000	10000000
00100000	11001000	00000000	10001001	00000000	00000000
00110000	11001000	00000000	00001001	00000000	00001010
<\HS-rd-clk2B10>

<HS-rd2B10>
00100000	11001010	00000000	00000001	00000000	10101000
00100000	11001000	00100000	00010001	00000000	10000000
00100000	11001000	00000000	10001001	00000000	00000000
00110000	11001000	00000000	00001001	00000000	00001000
<\HS-rd2B10>

<HS-amp-rst2B10>
00100000	11001010	00000000	00000001	00000000	10101000
00100000	11001000	00101000	00010001	00000000	10000000
00100000	11001000	00000000	10001001	00000000	00000000
00110000	11001000	00000000	00001001	00000000	00001000
<\HS-amp-rst2B10>

<HBIN2B10>
00100000	11001000	00000000	00000001	00000000	00101000
00100000	11001000	00100000	00010001	00000000	00001000
00100000	11001000	00000000	10001001	00000000	00001000
00110000	11001000	00000000	00001001	00000000	00001000
<\HBIN2B10>

SIIBSSSS 	SSI-ISR- 	--H-A-D- 	HC-RR--M 	--F----F 	SSR-C-P-
441 PPPP     	123 23S  	  V M M  	VG 31  U 	  I    R 	CC2 G X
    3210     	      T  	  F P P  	R3     X 	  R    A 	23  2 L
<ET-KC>
11100000	11101100	00000000	00001001	00000000	00100000
11100000	11101100	00000000	00001001	00000000	00100000
11100000	11101100	00000000	00001001	00000000	00100000
11110000	11101100	00000000	00001001	00000000	00100000
11000111	00100110	00000000	00001001	00000000	00100000
11000111	00000010	00000000	00001001	00000000	00100000
11100111	10000010	00000000	00001001	00000000	00100000
00100111	10000000	00000000	00001001	00000000	00100000
00100111	11001000	00000000	00001001	00000000	00100000
00000111	01001000	00000000	00001001	00000000	00100000
00000111	01101100	00000000	00001001	00000000	00100000
11110111	11101100	00000000	00001001	00000000	00100000
11100000	11101100	00000000	00001001	00000000	00100000
11100000	11101100	00000000	00001001	00000000	00100000
11100000	11101100	00000000	00001001	00000000	00100000
11110000	11101100	00000000	00001001	00000000	00100000
11100000	11101110	00000000	10000001	00000000	10101000
11100000	11101110	00000000	00000001	00000000	10101000
11100000	11101100	00100000	00010001	00000000	00001000
11100000	11101100	00100000	00010001	00000000	00000000
11100000	11101100	00100000	00010001	00000000	00000000
11100000	11101100	00000000	00001001	00000000	00000000
11100000	11101100	00000000	00001001	00000000	00001000
11110000	11101100	00000000	10001001	00000000	00001000
<\ET-KC>
