P01B60_2B.txt
For iXon 60BI (10 MHz with Datel 1410).


SIIBSSSS 	SSI-ISR- 	--H-A-D- 	HC-RR--M 	--F----F 	SSR-C-P-
441 PPPP     	123 23S  	  V M M  	VG 31  U 	  I    R 	CC2 G X
    3210     	      T  	  F P P  	R3     X 	  R    A 	23  2 L
<VS-st>
11100000	10101110	00000000	00001001	00000000	00101000
11100000	10101110	00000000	00001001	00000000	00101000
11100000	01101110	00000000	00001001	00000000	00101000
11110000	01101110	00000000	00001001	00000000	00101000
<\VS-st>					
					
<VS-all>				
11100000	10100110	00000000	00001001	00000000	00101000
11100000	10100110	00100000	00001001	00000000	00101000
11000000	01101110	00000000	10001001	00000000	00101000
11010000	01101110	00000000	00001001	00000000	00101000
<\VS-all>				

<HV>
11100000	11101100	00000000	00001001	00000000	00101000
11100000	11101100	00000000	00001001	00000000	00101000
11100000	11101100	00000000	00001001	00000000	00101000
11110000	11101100	00000000	00001001	00000000	00101000
<\HV>

<VH>					
11100000	11101100	00000000	00001001	00000000	00101000
11100000	11101100	00000000	00001001	00000000	00101000
11100000	11101100	00000000	00001001	00000000	00101000
11110000	11101100	00000000	00001001	00000000	00101000
<\VH>					


****************************************************************************************
10MHz starts here.

<HS2B10>
11100000	11101110	00000000	00000001	00000000	10101000
11100000	11101100	00100000	00010001	00000000	10000000
11100000	11101100	00000000	10001001	00000000	00000000
11110000	11101100	00000000	00001001	00000000	00101000
<\HS2B10>

<HS-EXP2B10>
11100000	11101110	00000000	00000001	00000000	10101000
11100000	11101100	00101000	00010001	00000000	10000000
11100000	11101100	00000000	10001001	00000000	00000000
11110000	11101100	00000000	00001001	00000000	00101000
<\HS-EXP2B10>

<HS-rd-clk2B10>
11100000	11101110	00000000	00000001	00000000	10101000
11100000	11101100	00100000	00010001	00000000	10000000
11100000	11101100	00000000	10001001	00000000	00000000
11110000	11101100	00000000	00001001	00000000	00101010
<\HS-rd-clk2B10>

<HS-rd2B10>
11100000	11101110	00000000	00000001	00000000	10101000
11100000	11101100	00100000	00010001	00000000	10000000
11100000	11101100	00000000	10001001	00000000	00000000
11110000	11101100	00000000	00001001	00000000	00101000
<\HS-rd2B10>

<HS-amp-rst2B10>
11100000	11101110	00000000	00000001	00000000	10101000
11100000	11101100	00101000	00010001	00000000	10000000
11100000	11101100	00000000	10001001	00000000	00000000
11110000	11101100	00000000	00001001	00000000	00101000
<\HS-amp-rst2B10>

<HBIN2B10>
11100000	11101100	00000000	00000001	00000000	00101000
11100000	11101100	00100000	00010001	00000000	00001000
11100000	11101100	00000000	10001001	00000000	00001000
11110000	11101100	00000000	00001001	00000000	00101000
<\HBIN2B10>


