SIIB---- 	SSI-ISR- 	--F-A--- 	R--RR--M 	--F----F 	SSROC-P-
441      	123 23S  	    M    	   31  U 	  I    R 	CC2DT X
         	      T  	    P    	       X 	  R    A 	51 TG L
<VS-st>					
11100000	11001000	00000000	00001001	00000000	00101000
11000000	01001000	00000000	00001001	00000000	00101000
11000000	01101100	00000000	00001001	00000000	00101000
11000000	00100100	00000000	00001001	00000000	00101000
11100000	10100100	00000000	00001001	00000000	00101000
11100000	10000000	00000000	00001001	00000000	00101000
11100000	11001000	00000000	00001001	00000000	00101000
11110000	11101100	00000000	00001001	00000000	00101000
<\VS-st>					
					
<VS-all>					
11100000	11101100	00000000	00001001	00000000	00001000
11100000	11101100	00000000	00001001	00000000	00001000
11100000	11101100	00000000	00001001	00000000	00001000
11100000	11101100	00000000	00001001	00000000	00001000
11100000	11101100	00000000	00001001	00000000	00001000
11100000	11101100	00000000	00001001	00000000	00001000
11100000	11101100	00000000	00001001	00000000	00001000
11110000	11101100	00000000	00001001	00000000	00001000
<\VS-all>				
					
<VH>					
11100000	11101100	00000000	00001001	00000000	00001000
11100000	11101100	00000000	00001001	00000000	00001000
11100000	11101100	00000000	00001001	00000000	00001000
11110000	11101100	00000000	00001001	00000000	00001000
<\VH>					
					
<HV>
11100000	11101100	00000000	00001001	00000000	00001000
11100000	11101100	00000000	00001001	00000000	00001000
11100000	11101100	00000000	00001001	00000000	00001000
11110000	11101100	00000000	00001001	00000000	00001000
<\HV>					
					

****************************************************************************************
5MHz starts here.

SIIBSSSS 	SSI-ISR- 	--H-A-D- 	HC-RR--M 	--F----F 	SSR-C-P-
441 PPPP     	123 23S  	  V M M  	VG 31  U 	  I    R 	CC2 G X
    3210     	      T  	  F P P  	R3     X 	  R    A 	23  2 L
<HS2c5>
11100000	11101110	00000000	00001001	00000000	10101000
11100000	11101100	00000000	00000001	00000000	10101000
11100000	11101100	00000000	00010001	00000000	00101000
11100000	11101100	00000000	00010001	00000000	00001000
11100000	11101100	00000000	00010001	00000000	00000000
11100000	11101100	00000000	00001001	00000000	00000000
11100000	11101100	00000000	00001001	00000000	00001000
11110000	11101100	00000000	00001001	00000000	00001000
<\HS2c5>

<HS-exp2c5>
11100000	11101110	00000000	00001001	00000000	10101000
11100000	11101100	00000000	00000001	00000000	10101000
11100000	11101100	00001000	00010001	00000000	00101000
11100000	11101100	00001000	00010001	00000000	00001000
11100000	11101100	00001000	00010001	00000000	00000000
11100000	11101100	00000000	00001001	00000000	00000000
11100000	11101100	00000000	00001001	00000000	00001000
11110000	11101100	00000000	00001001	00000000	00001000
<\HS-exp2c5>

<HS-rd-clk2c5>
11100000	11101110	00000000	00001001	00000000	10101000
11100000	11101100	00000000	00000001	00000000	10101000
11100000	11101100	00000000	00010001	00000000	00101000
11100000	11101100	00000000	00010001	00000000	00001010
11100000	11101100	00000000	00010001	00000000	00000000
11100000	11101100	00000000	00001001	00000000	00000000
11100000	11101100	00000000	00001001	00000000	00001000
11110000	11101100	00000000	00001001	00000000	00001000
<\HS-rd-clk2c5>

SIIBSSSS 	SSI-ISR- 	--H-A-D- 	HC-RR--M 	--F----F 	SSR-C-P-
441 PPPP     	123 23S  	  V M M  	VG 31  U 	  I    R 	CC2 G X
    3210     	      T  	  F P P  	R3     X 	  R    A 	23  2 L
<HS-rd2c5>
11100000	11101110	00000000	00001001	00000000	10101000
11100000	11101100	00000000	00000001	00000000	10101000
11100000	11101100	00000000	00010001	00000000	00101000
11100000	11101100	00000000	00010001	00000000	00001000
11100000	11101100	00000000	00010001	00000000	00000000
11100000	11101100	00000000	00001001	00000000	00000000
11100000	11101100	00000000	00001001	00000000	00001000
11110000	11101100	00000000	00001001	00000000	00001000
<\HS-rd2c5>

<HS-amp-rst2c5>
11100000	11101110	00000000	00001001	00000000	10101000
11100000	11101100	00000000	00000001	00000000	10101000
11100000	11101100	00001000	00010001	00000000	00101000
11100000	11101100	00001000	00010001	00000000	00001000
11100000	11101100	00001000	00010001	00000000	00000000
11100000	11101100	00000000	00001001	00000000	00000000
11100000	11101100	00000000	00001001	00000000	00001000
11110000	11101100	00000000	00001001	00000000	00001000
<\HS-amp-rst2c5>

<HBIN2c5>
11100000	11101100	00000000	00001001	00000000	00101000
11100000	11101100	00000000	00000001	00000000	00101000
11100000	11101100	00000000	00010001	00000000	00101000
11100000	11101100	00000000	00010001	00000000	00001000
11100000	11101100	00000000	00010001	00000000	00001000
11100000	11101100	00000000	00001001	00000000	00001000
11100000	11101100	00000000	00001001	00000000	00001000
11110000	11101100	00000000	00001001	00000000	00001000
<\HBIN2c5>


****************************************************************************************
3MHz EM starts here.

SIIBSSSS 	SSI-ISR- 	--H-A-D- 	HC-RR--M 	--F----F 	SSR-C-P-
441 PPPP     	123 23S  	  V M M  	VG 31  U 	  I    R 	CC2 G X
    3210     	      T  	  F P P  	R3     X 	  R    A 	23  2 L
<HS2C3>					
11100000	11101110	00000000	00001001	00000000	10101000
11100000	11101110	00000000	00000001	00000000	10101000
11100000	11101100	00100000	00010001	00000000	00101000
11100000	11101100	00000000	00010001	00000000	00001000
11100000	11101100	00000000	00010001	00000000	00000000
11100000	11101100	00000000	00010001	00000000	00000000
11100000	11101100	00000000	00010001	00000000	00000000
11100000	11101100	00000000	00010001	00000000	00000000
11100000	11101100	00000000	10001001	00000000	00000000
11100000	11101100	00000000	00001001	00000000	00001000
11100000	11101100	00000000	00001001	00000000	00001000
11100000	11101100	00000000	00001001	00000000	00001000
11100000	11101100	00000000	00001001	00000000	00001000
11110000	11101100	00000000	00001001	00000000	00001000
<\HS2C3>					
					
<HS-EXP2C3>					
11100000	11101110	00000000	00001001	00000000	10101000
11100000	11101110	00000000	00000001	00000000	10101000
11100000	11101100	00100000	00010001	00000000	00101000
11100000	11101100	00001000	00010001	00000000	00001000
11100000	11101100	00001000	00010001	00000000	00000000
11100000	11101100	00001000	00010001	00000000	00000000
11100000	11101100	00001000	00010001	00000000	00000000
11100000	11101100	00000000	00010001	00000000	00000000
11100000	11101100	00000000	10001001	00000000	00000000
11100000	11101100	00000000	00001001	00000000	00001000
11100010	11101100	00000000	00001001	00000000	00001000
11100010	11101100	00000000	00001001	00000000	00001000
11100010	11101100	00000000	00001001	00000000	00001000
11110000	11101100	00000000	00001001	00000000	00001000
<\HS-EXP2C3>				

<HS-rd-clk2C3>				
11100000	11101110	00000000	00001001	00000000	10101000
11100000	11101110	00000000	00000001	00000000	10101000
11100000	11101100	00100000	00010001	00000000	00101000
11100000	11101100	00000000	00010001	00000000	00001010
11100000	11101100	00000000	00010001	00000000	00000000
11100000	11101100	00000000	00010001	00000000	00000000
11100000	11101100	00000000	00010001	00000000	00000000
11100000	11101100	00000000	00010001	00000000	00000000
11100000	11101100	00000000	10001001	00000000	00000000
11100000	11101100	00000000	00001001	00000000	00001000
11100000	11101100	00000000	00001001	00000000	00001000
11100000	11101100	00000000	00001001	00000000	00001000
11100000	11101100	00000000	00001001	00000000	00001000
11110000	11101100	00000000	00001001	00000000	00001000
<\HS-rd-clk2C3>				
					
<HS-rd2c3>				
11100000	11101110	00000000	00001001	00000000	10101000
11100000	11101110	00000000	00000001	00000000	10101000
11100000	11101100	00100000	00010001	00000000	00101000
11100000	11101100	00000000	00010001	00000000	00001000
11100000	11101100	00000000	00010001	00000000	00000000
11100000	11101100	00000000	00010001	00000000	00000000
11100000	11101100	00000000	00010001	00000000	00000000
11100000	11101100	00000000	00010001	00000000	00000000
11100000	11101100	00000000	10001001	00000000	00000000
11100000	11101100	00000000	00001001	00000000	00001000
11100000	11101100	00000000	00001001	00000000	00001000
11100000	11101100	00000000	00001001	00000000	00001000
11100000	11101100	00000000	00001001	00000000	00001000
11110000	11101100	00000000	00001001	00000000	00001000
<\HS-rd2C3>				

<HS-amp-rst2C3>				
11100000	11101110	00000000	00001001	00000000	10101000
11100000	11101110	00000000	00000001	00000000	10101000
11100000	11101100	00100000	00010001	00000000	00101000
11100000	11101100	00001000	00010001	00000000	00001000
11100000	11101100	00001000	00010001	00000000	00000000
11100000	11101100	00001000	00010001	00000000	00000000
11100000	11101100	00001000	00010001	00000000	00000000
11100000	11101100	00000000	00010001	00000000	00000000
11100000	11101100	00000000	10001001	00000000	00000000
11100000	11101100	00000000	00001001	00000000	00001000
11100000	11101100	00000000	00001001	00000000	00001000
11100000	11101100	00000000	00001001	00000000	00001000
11100000	11101100	00000000	00001001	00000000	00001000
11110000	11101100	00000000	00001001	00000000	00001000
<\HS-amp-rst2C3>				
					
<HBIN2C3>					
11100000	11101100	00000000	00001001	00000000	00101000
11100000	11101100	00000000	00000001	00000000	00101000
11100000	11101100	00100000	00010001	00000000	00101000
11100000	11101100	00000000	00010001	00000000	00001000
11100000	11101100	00000000	00010001	00000000	00001000
11100000	11101100	00000000	00010001	00000000	00001000
11100000	11101100	00000000	00010001	00000000	00001000
11100000	11101100	00000000	00010001	00000000	00001000
11100000	11101100	00000000	10001001	00000000	00001000
11100000	11101100	00000000	00001001	00000000	00001000
11100000	11101100	00000000	00001001	00000000	00001000
11100000	11101100	00000000	00001001	00000000	00001000
11100000	11101100	00000000	00001001	00000000	00001000
11110000	11101100	00000000	00001001	00000000	00001000
<\HBIN2C3>

			