This is an exact copy of P06B97_3A but renamed P01F97 to suit an FI sensor - 22nd June 2006 - MAB

P06B97_3A.txt (uses faster 12.5ns engine clock with C5 polo and discrete dig b/d)
2 phase device with I1=I2, I3=I4, S1=S2, S3=S4
For iXon 97BI Datel ADS937 1MHz 16bit A/D with EM and conventional outputs.
Important for horz clks to have 90% overlap, if not done in pattern then in verniers.

SIIBSSSS 	SSI-ISR- 	--H-A-DD 	HC-RR--M 	-EF--P-F 	SSR-CPP-
441 PPPP     	123 23S  	  V M MC 	VG 31  U 	 MI  A R 	CC2 GAX
    3210     	      T  	  F P PD 	R3     X 	 KR  1 A 	23  22L
<VS-st>
00000000	11000010	00000000	00001000	00000000	00100000
00000000	11000010	00000000	00001000	00000000	00100000
00000000	11000010	00000000	00001000	00000000	00100000
10000000	11000110	00000000	00001000	00000000	00100000
10000000	11000110	00000000	00001000	00000000	00100000
10000000	00000110	00000000	00001000	00000000	00100000
10000000	00000110	00000000	00001000	00000000	00100000
10010000	00000110	00000000	00001000	00000000	00100000
<\VS-st>

<VS-all>
00100000	11001010	00100000	00001000	00000000	00100000
00100000	11001010	00000000	00001000	00000000	00100000
00100000	11001010	00000000	10001000	00000000	00100000
11100000	11101110	00000000	00001000	00000000	00100000
11100000	11101110	00100000	00001000	00000000	00100000
11000000	00100110	00000000	00001000	00000000	00100000
11000000	00100110	00000000	10001000	00000000	00100000
11010000	00100110	00000000	00001000	00000000	00100000
<\VS-all>

<VS-im>
00100000	00001010	00100000	00001000	00000000	00100000
00100000	00001010	00000000	00001000	00000000	00100000
00100000	00001010	00000000	10001000	00000000	00100000
01100000	00101010	00000000	00001000	00000000	00100000
01100000	00101010	00100000	00001000	00000000	00100000
01000000	00100010	00000000	00001000	00000000	00100000
01000000	00100010	00000000	10001000	00000000	00100000
01010000	00100010	00000000	00001000	00000000	00100000
<\VS-im>

SIIBSSSS 	SSI-ISR- 	--H-A-DD 	HC-RR--M 	-EF--P-F 	SSR-CPP-
441 PPPP     	123 23S  	  V M MC 	VG 31  U 	 MI  A R 	CC2 GAX
    3210     	      T  	  F P PD 	R3     X 	 KR  1 A 	23  22L
Used to generate 6.5us delay for better hole transport in BIs.
<PDT>
00101001	11001000	00000000	00001000	00000000	00100000
00101001	11001000	00000000	00001000	00000000	00100000
00100000	11001000	00000000	00001000	00000000	00100000
00110000	11001000	00000000	00001000	00000000	00100000
<\PDT>

<VH>
00000000	00000000	00000000	00001000	00000000	00100000
00000000	00000000	00000000	00001000	00000000	00100000
00000000	00000000	00000000	00001000	00000000	00100000
00010000	00000000	00000000	00001000	00000000	00100000
<\VH>

<HV>
00000000	00000000	00000000	00001000	00000000	00100000
00000000	00000000	00000000	00001000	00000000	00100000
00000000	00000000	00000000	00001000	00000000	00100000
00010000	00000000	00000000	00001000	00000000	00100000
<\HV>

****************************************************************************************
1MHz EM output starts here.

SIIBSSSS 	SSI-ISR- 	--H-A-DD 	HC-RR--M 	-EF--P-F 	SSR-CPP-
441 PPPP     	123 23S  	  V M MC 	VG 31  U 	 MI  A R 	CC2 GAX
    3210     	      T  	  F P PD 	R3     X 	 KR  1 A 	23  22L
<HS3A1>
00000010	00000010	00000000	00001000	00000000	01100000
00000011	00000010	00000000	00000000	00000000	01100000
00000000	00000000	00100000	00010000	00000000	00100000
00000000	00000000	00000000	00010000	00000000	00000000
00000101	00000000	00000000	00010000	00000000	00000000
00000101	00000000	00000000	01010000	00000000	00000000
00000000	00000000	00000000	10001000	00000000	00000000
00000000	00000000	00000000	00001000	00000000	00000000
00000101	00000000	00000000	00001000	00000000	00000000
00010101	00000000	00000000	00001000	00000000	00000000
<\HS3A1>

<HS-EXP3A1>
00000010	00000010	00000000	00001000	00000000	01100000
00000011	00000010	00000000	00000000	00000000	01100000
00000000	00000000	00100000	00010000	00000000	00100000
00000000	00000000	00000000	00010000	00000000	00000000
00000101	00000000	00001000	00010000	00000000	00000000
00000101	00000000	00001000	01010000	00000000	00000000
00000000	00000000	00000000	10001000	00000000	00000000
00000000	00000000	00000000	00001000	00000000	00000000
00000101	00000000	00000000	00001000	00000000	00000000
00010101	00000000	00000000	00001000	00000000	00000000
<\HS-EXP3A1>

<EXP-NOHS3A1>
00000010	00000010	00000000	00001000	00000000	01100000
00000011	00000010	00000000	00001000	00000000	01100000
00000000	00000000	00000000	00001000	00000000	00100000
00000000	00000000	00000000	00001000	00000000	00100000
00000101	00000000	00001000	00001000	00000000	00100000
00000101	00000000	00001000	01001000	00000000	00100000
00000000	00000000	00000000	00001000	00000000	00100000
00000000	00000000	00000000	00001000	00000000	00100000
00000101	00000000	00000000	00001000	00000000	00100000
00010101	00000000	00000000	00001000	00000000	00100000
<\EXP-NOHS3A1>

SIIBSSSS 	SSI-ISR- 	--H-A-DD 	HC-RR--M 	-EF--P-F 	SSR-CPP-
441 PPPP     	123 23S  	  V M MC 	VG 31  U 	 MI  A R 	CC2 GAX
    3210     	      T  	  F P PD 	R3     X 	 KR  1 A 	23  22L
<HS-rd-clk3A1>
00000010	00000010	00000000	00001000	00000000	01100000
00000011	00000010	00000000	00000000	00000000	01100000
00000000	00000000	00100000	00010000	00000000	00100000
00000000	00000000	00000000	00010000	00000000	00000000
00000101	00000000	00000000	00010000	00000000	00000010
00000101	00000000	00000000	01010000	00000000	00000000
00000000	00000000	00000000	10001000	00000000	00000000
00000000	00000000	00000000	00001000	00000000	00000000
00000101	00000000	00000000	00001000	00000000	00000000
00010101	00000000	00000000	00001000	00000000	00000000
<\HS-rd-clk3A1>

<HS-rd3A1>
00000010	00000010	00000000	00001000	00000000	01100000
00000011	00000010	00000000	00000000	00000000	01100000
00000000	00000000	00100000	00010000	00000000	00100000
00000000	00000000	00000000	00010000	00000000	00000000
00000101	00000000	00000000	00010000	00000000	00000000
00000101	00000000	00000000	01010000	00000000	00000000
00000000	00000000	00000000	10001000	00000000	00000000
00000000	00000000	00000000	00001000	00000000	00000000
00000101	00000000	00000000	00001000	00000000	00000000
00010101	00000000	00000000	00001000	00000000	00000000
<\HS-rd3A1>

SIIBSSSS 	SSI-ISR- 	--H-A-DD 	HC-RR--M 	-EF--P-F 	SSR-CPP-
441 PPPP     	123 23S  	  V M MC 	VG 31  U 	 MI  A R 	CC2 GAX
    3210     	      T  	  F P PD 	R3     X 	 KR  1 A 	23  22L
<HS-amp-rst3A1>
00000010	00000010	00000000	00001000	00000000	01100000
00000011	00000010	00000000	00000000	00000000	01100000
00000000	00000000	00100000	00010000	00000000	00100000
00000000	00000000	00000000	00010000	00000000	00000000
00000101	00000000	00001000	00010000	00000000	00000000
00000101	00000000	00001000	01010000	00000000	00000000
00000000	00000000	00000000	10001000	00000000	00000000
00000000	00000000	00000000	00001000	00000000	00000000
00000101	00000000	00000000	00001000	00000000	00000000
00010101	00000000	00000000	00001000	00000000	00000000
<\HS-amp-rst3A1>

<HBIN3A1>
00000010	00000000	00000000	00001000	00000000	00100000
00000011	00000000	00000000	00000000	00000000	00100000
00000000	00000000	00100000	00010000	00000000	00100000
00000000	00000000	00000000	00010000	00000000	00000000
00000101	00000000	00000000	00010000	00000000	00000000
00000101	00000000	00000000	00010000	00000000	00000000
00000000	00000000	00000000	10001000	00000000	00000000
00000000	00000000	00000000	00001000	00000000	00000000
00000101	00000000	00000000	00001000	00000000	00000000
00010101	00000000	00000000	00001000	00000000	00000000
<\HBIN3A1>

****************************************************************************************

1MHz conventional output starts here.

SIIBSSSS 	SSI-ISR- 	--H-A-DD 	HC-RR--M 	-EF--P-F 	SSR-CPP-
441 PPPP     	123 23S  	  V M MC 	VG 31  U 	 MI  A R 	CC2 GAX
    3210     	      T  	  F P PD 	R3     X 	 KR  1 A 	23  22L
<HS3A1-HR>
00000010	00000010	00000000	00001000	00000000	01100000
00000011	00000010	00000000	00001000	00000000	01000000
00000000	00000000	00100000	00011000	00000000	00000000
00000000	00000000	00000000	00010000	00000000	00000000
00000101	00000000	00000000	00010000	00000000	00000000
00000101	00000000	00000000	01010000	00000000	00000000
00000000	00000000	00000000	00000000	00000000	00100000
00000000	00000000	00000000	00000000	00000000	00100000
00000101	00000000	00000000	00000000	00000000	00100000
00010101	00000000	00000000	00000000	00000000	00100000
<\HS3A1-HR>

SIIBSSSS 	SSI-ISR- 	--H-A-DD 	HC-RR--M 	-EF--P-F 	SSR-CPP-
441 PPPP     	123 23S  	  V M MC 	VG 31  U 	 MI  A R 	CC2 GAX
    3210     	      T  	  F P PD 	R3     X 	 KR  1 A 	23  22L
<HS-EXP3A1-HR>
00000010	00000010	00000000	00001000	00000000	01100000
00000011	00000010	00000000	00001000	00000000	01000000
00000000	00000000	00100000	00011000	00000000	00000000
00000000	00000000	00000000	00010000	00000000	00000000
00000101	00000000	00000000	00010000	00000000	00000000
00000101	00000000	00001000	01010000	00000000	00000000
00000000	00000000	00000000	00000000	00000000	00100000
00000000	00000000	00000000	00000000	00000000	00100000
00000101	00000000	00000000	00000000	00000000	00100000
00010101	00000000	00000000	00000000	00000000	00100000
<\HS-EXP3A1-HR>

<EXP_NOHS3A1-HR>
00000010	00000010	00000000	00001000	00000000	01100000
00000011	00000010	00000000	00001000	00000000	01100000
00000000	00000000	00000000	00001000	00000000	00100000
00000000	00000000	00000000	00001000	00000000	00100000
00000101	00000000	00000000	00001000	00000000	00100000
00000101	00000000	00001000	01001000	00000000	00100000
00000000	00000000	00000000	00001000	00000000	00100000
00000000	00000000	00000000	00001000	00000000	00100000
00000101	00000000	00000000	00001000	00000000	00100000
00010101	00000000	00000000	00001000	00000000	00100000
<\EXP-NOHS3A1-HR>

SIIBSSSS 	SSI-ISR- 	--H-A-DD 	HC-RR--M 	-EF--P-F 	SSR-CPP-
441 PPPP     	123 23S  	  V M MC 	VG 31  U 	 MI  A R 	CC2 GAX
    3210     	      T  	  F P PD 	R3     X 	 KR  1 A 	23  22L
<HS-rd-clk3A1-HR>
00000010	00000010	00000000	00001000	00000000	01100000
00000011	00000010	00000000	00001000	00000000	01000000
00000000	00000000	00100000	00011000	00000000	00000000
00000000	00000000	00000000	00010000	00000000	00000000
00000101	00000000	00000000	00010000	00000000	00000010
00000101	00000000	00000000	01010000	00000000	00000000
00000000	00000000	00000000	00000000	00000000	00100000
00000000	00000000	00000000	00000000	00000000	00100000
00000101	00000000	00000000	00000000	00000000	00100000
00010101	00000000	00000000	00000000	00000000	00100000
<\HS-rd-clk3A1-HR>

SIIBSSSS 	SSI-ISR- 	--H-A-DD 	HC-RR--M 	-EF--P-F 	SSR-CPP-
441 PPPP     	123 23S  	  V M MC 	VG 31  U 	 MI  A R 	CC2 GAX
    3210     	      T  	  F P PD 	R3     X 	 KR  1 A 	23  22L
<HS-rd3A1-HR>
00000010	00000010	00000000	00001000	00000000	01100000
00000011	00000010	00000000	00001000	00000000	01000000
00000000	00000000	00100000	00011000	00000000	00000000
00000000	00000000	00000000	00010000	00000000	00000000
00000101	00000000	00000000	00010000	00000000	00000000
00000101	00000000	00000000	01010000	00000000	00000000
00000000	00000000	00000000	00000000	00000000	00100000
00000000	00000000	00000000	00000000	00000000	00100000
00000101	00000000	00000000	00000000	00000000	00100000
00010101	00000000	00000000	00000000	00000000	00100000
<\HS-rd3A1-HR>

SIIBSSSS 	SSI-ISR- 	--H-A-DD 	HC-RR--M 	-EF--P-F 	SSR-CPP-
441 PPPP     	123 23S  	  V M MC 	VG 31  U 	 MI  A R 	CC2 GAX
    3210     	      T  	  F P PD 	R3     X 	 KR  1 A 	23  22L
<HS-amp-rst3A1-HR>
00000010	00000010	00000000	00001000	00000000	01100000
00000011	00000010	00000000	00001000	00000000	01000000
00000000	00000000	00100000	00011000	00000000	00000000
00000000	00000000	00000000	00010000	00000000	00000000
00000101	00000000	00000000	00010000	00000000	00000000
00000101	00000000	00001000	01010000	00000000	00000000
00000000	00000000	00000000	00000000	00000000	00100000
00000000	00000000	00000000	00000000	00000000	00100000
00000101	00000000	00000000	00000000	00000000	00100000
00010101	00000000	00000000	00000000	00000000	00100000
<\HS-amp-rst3A1-HR>

SIIBSSSS 	SSI-ISR- 	--H-A-DD 	HC-RR--M 	-EF--P-F 	SSR-CPP-
441 PPPP     	123 23S  	  V M MC 	VG 31  U 	 MI  A R 	CC2 GAX
    3210     	      T  	  F P PD 	R3     X 	 KR  1 A 	23  22L
<HBIN3A1-HR>
00000010	00000000	00000000	00001000	00000000	00100000
00000011	00000000	00000000	00001000	00000000	00000000
00000000	00000000	00100000	00011000	00000000	00000000
00000000	00000000	00000000	00010000	00000000	00000000
00000101	00000000	00000000	00010000	00000000	00000000
00000101	00000000	00000000	00010000	00000000	00000000
00000000	00000000	00000000	00000000	00000000	00100000
00000000	00000000	00000000	00000000	00000000	00100000
00000101	00000000	00000000	00000000	00000000	00100000
00010101	00000000	00000000	00000000	00000000	00100000
<\HBIN3A1-HR>

****************************************************************************************

