P01F65_2A.txt
For iXon 65FI (5MHz with Datel 1405).

SIIBSSSS 	SSI-ISR- 	--H-A-D- 	HC-RR--M 	--F----F 	SSR-C-P-
441 PPPP     	123 23S  	  V M M  	VG 31  U 	  I    R 	CC2 G X
    3210     	      T  	  F P P  	R3     X 	  R    A 	23  2 L
<VS-st>
11100000	10101110	00001000	00001001	00000000	00101000
11100000	10101110	00000000	00001001	00000000	00101000
11100000	10101110	00000000	00001001	00000000	00101000
11100000	10101110	00000000	00001001	00000000	00101000
11100000	01101110	00000000	00001001	00000000	00101000
11100000	01101110	00000000	00001001	00000000	00101000	
11100000	01101110	00000000	00001001	00000000	00101000
11110000	01101110	00000000	00001001	00000000	00101000	
<\VS-st>					
					
<VS-all>				
11100000	10100110	00001000	10001001	00000000	00101000
11100000	10100110	00100000	00001001	00000000	00101000
11100000	10100110	00000000	10001001	00000000	00101000
11100000	10100110	00100000	00001001	00000000	00101000
11000000	01101110	00000000	10001001	00000000	00101000
11000000	01101110	00100000	00001001	00000000	00101000
11000000	01101110	00000000	10001001	00000000	00101000
11010000	01101110	00100000	00001001	00000000	00101000
<\VS-all>				

<VH>
11100000	11101100	00000000	00001001	00000000	00001000
11100000	11101100	00000000	00001001	00000000	00001000
11100000	11101100	00000000	00001001	00000000	00001000
11110000	11101100	00000000	00001001	00000000	00001000
<\VH>

<HV>
11100000	11101100	00000000	00001001	00000000	00001000
11100000	11101100	00000000	00001001	00000000	00001000
11100000	11101100	00000000	00001001	00000000	00001000
11110000	11101100	00000000	00001001	00000000	00001000
<\HV>

SIIBSSSS 	SSI-ISR- 	--H-A-D- 	HC-RR--M 	--F----F 	SSR-C-P-
441 PPPP     	123 23S  	  V M M  	VG 31  U 	  I    R 	CC2 G X
    3210     	      T  	  F P P  	R3     X 	  R    A 	23  2 L
<HS2A5>
11100000	11101100	00000000	10001001	00000000	00001000
11100000	11101100	00000000	00001001	00000000	00001000
11100000	11101110	00000000	00001001	00000000	10101000
11100000	11101110	00000000	00000001	00000000	10101000
11100000	11101100	00000000	00000001	00000000	00101000
11100000	11101100	00100000	00010001	00000000	00001000
11100000	11101100	00000000	00010001	00000000	00000000
11110000	11101100	00000000	00001001	00000000	00000000
<\HS2A5>

<HS-exp2A5>
11100000	11101100	00000000	10001001	00000000	00001000
11100000	11101100	00000000	00001001	00000000	00001000
11100000	11101110	00000000	00001001	00000000	10101000
11100000	11101110	00000000	00000001	00000000	10101000
11100000	11101100	00000000	00000001	00000000	00101000
11100000	11101100	00100000	00010001	00000000	00001000
11100000	11101100	00000000	00010001	00000000	00000000
11110000	11101100	00000000	00001001	00000000	00000000
<\HS-exp2A5>

<HS-rd-clk2A5>
11100000	11101100	00000000	10001001	00000000	00001000
11100000	11101100	00000000	00001001	00000000	00001000
11100000	11101110	00000000	00001001	00000000	10101000
11100000	11101110	00000000	00000001	00000000	10101000
11100000	11101100	00000000	00000001	00000000	00101000
11100000	11101100	00100000	00010001	00000000	00001000
11100000	11101100	00000000	00010001	00000000	00000000
11110000	11101100	00000000	00001001	00000000	00000010
<\HS-rd-clk2A5>

<HS-rd2A5>
11100000	11101100	00000000	10001001	00000000	00001000
11100000	11101100	00000000	00001001	00000000	00001000
11100000	11101110	00000000	00001001	00000000	10101000
11100000	11101110	00000000	00000001	00000000	10101000
11100000	11101100	00000000	00000001	00000000	00101000
11100000	11101100	00100000	00010001	00000000	00001000
11100000	11101100	00000000	00010001	00000000	00000000
11110000	11101100	00000000	00001001	00000000	00000000
<\HS-rd2A5>

<HS-amp-rst2A5>
11100000	11101100	00000000	10001001	00000000	00001000
11100000	11101100	00000000	00001001	00000000	00001000
11100000	11101110	00000000	00001001	00000000	10101000
11100000	11101110	00000000	00000001	00000000	10101000
11100000	11101100	00000000	00000001	00000000	00101000
11100000	11101100	00101000	00010001	00000000	00001000
11100000	11101100	00000000	00010001	00000000	00000000
11110000	11101100	00000000	00001001	00000000	00000000
<\HS-amp-rst2A5>

<HBIN2A5>
11100000	11101100	00000000	10001001	00000000	00001000
11100000	11101100	00000000	00001001	00000000	00001000
11100000	11101100	00000000	00001001	00000000	00101000
11100000	11101100	00000000	00000001	00000000	00101000
11100000	11101100	00000000	00000001	00000000	00101000
11100000	11101100	00100000	00010001	00000000	00001000
11100000	11101100	00000000	00010001	00000000	00001000
11110000	11101100	00000000	00001001	00000000	00001000
<\HBIN2A5>

SIIBSSSS 	SSI-ISR- 	--H-A-D- 	HC-RR--M 	--F----F 	SSR-C-P-
441 PPPP     	123 23S  	  V M M  	VG 31  U 	  I    R 	CC2 G X
    3210     	      T  	  F P P  	R3     X 	  R    A 	23  2 L
<ET-KC>				
11100000	11101100	00000000	00001001	00000000	00100000
11100000	11101100	00000000	00001001	00000000	00100000
11100000	11101100	00000000	00001001	00000000	00100000
11110000	11101100	00000000	00001001	00000000	00100000
11000111	00100110	00000000	00001001	00000000	00100000
11000111	00000010	00000000	00001001	00000000	00100000
11100111	10000010	00000000	00001001	00000000	00100000
00100111	10000000	00000000	00001001	00000000	00100000
00100111	11001000	00000000	00001001	00000000	00100000
00000111	01001000	00000000	00001001	00000000	00100000
00000111	01101100	00000000	00001001	00000000	00100000
11110111	11101100	00000000	00001001	00000000	00100000
11100000	11101100	00000000	00001001	00000000	00100000
11100000	11101100	00000000	00001001	00000000	00100000
11100000	11101100	00000000	00001001	00000000	00100000
11110000	11101100	00000000	00001001	00000000	00100000
11100000	11101110	00000000	10000001	00000000	10101000
11100000	11101110	00000000	00000001	00000000	10101000
11100000	11101100	00100000	00010001	00000000	00001000
11100000	11101100	00100000	00010001	00000000	00000000
11100000	11101100	00100000	00010001	00000000	00000000
11100000	11101100	00000000	00001001	00000000	00000000
11100000	11101100	00000000	00001001	00000000	00001000
11110000	11101100	00000000	10001001	00000000	00001000
<\ET-KC>				