P01V247_2H.txt - 81MHz Engine speed 

horizontal readout speeds:
 13.5MHz - 6 lines


History:
	First draft based on 285JCS pattern
	PDM moved from 33 (shutter) to 20
	SHD changed to be high during verticals since it is active low
	CMG increased the duty cycle and then remove a bit with special verniers (see datasheet)
	//labels are temporary left at 12.5 instead of 13.5Mhz because it is hardware in code

****************************************************************************************
00000000	11111100	22221111	33222222	33333333	44444444
76543210	54321098	32109876	10987654	98765432	76543210

				POB = AMP RSTORE

SSIBSSSS 	IS----R- 	---PP--- 	C-- R--- 	--FH-B-F 	ASROS-PL 
122 PPPP     	1E    S  	   DO    	M   1    	  ID L R 	DH2DH XO
    3210     	 L    T  	   MB    	G        	  R  K A 	CD BP LC
<VS-st>
01100000	10000010	00011000	00001001	00001110	01001000
00100000	10000010	00011000	00001001	00000110	01001000
00100000	10000010	00011000	00001001	00000110	01001000
00100000	10000010	00011000	00001001	00000110	01001000
10100000	10000010	00011000	00001001	00000110	01001000
10100000	10000010	00011000	00001001	00000110	01001000
11100000	10000010	00011000	00001001	00000110	01001000
11100000	10000010	00011000	00001001	00000110	01001000
11100000	10000010	00011000	00001001	00000110	01001000
11110000	10000010	00011000	00001001	00000110	01001000
<\VS-st>

<VS-all>
01100000	00000010	00011000	00001001	00000110	01001000
00000000	00000010	00011000	00001001	00000110	01001000
00000000	00000010	00011000	00001001	00000110	01001000
00000000	00000010	00011000	00001001	00000110	01001000
10000000	10000010	00011000	00001001	00000110	01001000
10000000	10000010	00011000	00001001	00000110	01001000
11100000	10000010	00011000	00001001	00000110	01001000
11100000	10000010	00011000	00001001	00000110	01001000
11100000	10000010	00011000	00001001	00000110	01001000
11110000	10000010	00011000	00001001	00000110	01001000
<\VS-all>

SSIBSSSS 	IS----R- 	---PP--- 	C-- R--- 	--FH-B-F 	ASROS-PL 
122 PPPP     	1E    S  	   DO    	M   1    	  ID L R 	DH2DH XO
    3210     	 L    T  	   MB    	G        	  R  K A 	CD BP LC
<VH>
11100000	10000010	00011000	00001001	00000010	01001001
11100000	10000010	00011000	00001001	00000010	01001001
11100000	10000010	00011000	00001001	00000010	01001001
11100000	10000010	00011000	00001001	00000010	01001000
11100000	10000010	00011000	00001001	00000010	01001000
11110000	10000010	00011000	00001001	00000010	01001000
<\VH>

<HV>
11100000	10000010	00011000	00001001	00000010	01001000
11100000	10000010	00011000	00001001	00000010	01001000
11100000	10000010	00011000	00001001	00000010	01001000
11100000	10000010	00011000	00001001	00000010	01001000
11100000	10000010	00011000	00001001	00000010	01001000
11110000	10000010	00011000	00001001	00000010	01001000
<\HV>

<ODB>
11100000	10000010	00011000	00001001	00000010	01001000
11100000	10000010	00011000	00001001	00000010	01001000
11100000	10000010	00011000	00001001	00000010	01001000
11100000	10000010	00011000	00001001	00000010	01001000
11100000	10000010	00011000	00001001	00000010	01001000
11110000	10000010	00011000	00001001	00000010	01001000
<\ODB>

<PDT>
11100101	11000010	00011000	00001001	00000010	01001000
11100101	11000010	00011000	00001001	00000010	01001000
11100101	11000010	00011000	00001001	00000010	01001000
11100101	11000010	00011000	00001001	00000010	01001000
11100101	11000010	00011000	00001001	00000010	01001000
11110101	10000010	00011000	00001001	00000010	01001000
<\PDT>


****************************************************************************************
13.5MHz Starts here

SSIBSSSS 	IS----R- 	---PP--- 	C-- R--- 	--FH-B-F 	ASROS-PL 
122 PPPP     	1E    S  	   DO    	M   1    	  ID L R 	DH2DH XO
    3210     	 L    T  	   MB    	G        	  R  K A 	CD BP LC
<HS2H12.5>
11100000	10101110	00011000	00001001	00000110	11001000
11100000	10101100	00011000	00001001	00000110	11001000
11100000	10101100	00011000	10001001	00000110	11000000
11100000	10101100	00011000	10000001	00000110	01101000
11100000	10101100	00011000	10000001	00000110	01101000
11110000	10101100	00011000	10000001	00000110	00101000
<\HS2H12.5>

<HS-exp2H12.5>
11100000	10101110	00011000	00001001	00000110	11001000
11100000	10101100	00011000	00001001	00000110	11001000
11100000	10101100	00011000	10001001	00000110	11000000
11100000	10101100	00011000	10000001	00000110	01101000
11100000	10101100	00011000	10000001	00000110	01101000
11110000	10101100	00011000	10000001	00000110	00101000
<\HS-exp2H12.5>

<HS-rd-clk2H12.5>
11100000	10101110	00011000	00001001	00000110	11001000
11100000	10101100	00011000	00001001	00000110	11001000
11100000	10101100	00011000	10001001	00000110	11000000
11100000	10101100	00011000	10000001	00000110	01101010
11100000	10101100	00011000	10000001	00000110	01101010
11110000	10101100	00011000	10000001	00000110	00101010
<\HS-rd-clk2H12.5>

<PIXCLK2H12.5>
11100000	10101100	00011000	10000001	00000110	11101000
11100000	10101100	00011000	10000001	00000110	11101000
11100000	10101100	00011000	10000001	00000110	11100000
11100000	10101100	00011000	10000001	00000110	01101010
11100000	10101100	00011000	10000001	00000110	01101010
11110000	10101100	00011000	10000001	00000110	00101010
<\PIXCLK2H12.5>

<HS-rd2H12.5>
11100000	10101110	00011000	00001001	00000110	11001000
11100000	10101100	00011000	00001001	00000110	11001000
11100000	10101100	00011000	10001001	00000110	11000000
11100000	10101100	00011000	10000001	00000110	01101000
11100000	10101100	00011000	10000001	00000110	01101000
11110000	10101100	00011000	10000001	00000110	00101000
<\HS-rd2H12.5>

<HS-amp-rst2H12.5>
11100000	10101110	00000000	00001001	00001010	11001000
11100000	10101100	00000000	00001001	00001010	11001000
11100000	10101100	00000000	10001001	00001010	11000000
11100000	10101100	00000000	10000001	00000010	01101000
11100000	10101100	00000000	10000001	00000010	01101000
11110000	10101100	00000000	10000001	00000010	00101000
<\HS-amp-rst2H12.5>

<HBIN2H12.5>
11100000	10101100	00011000	00001001	00000110	00000000
11100000	10101100	00011000	00001001	00000110	00000000
11100000	10101100	00011000	10001001	00000110	00000000
11100000	10101100	00011000	10000001	00000110	00100000
11100000	10101100	00011000	10000001	00000110	00100000
11110000	10101100	00011000	10000001	00000110	00100000
<\HBIN2H12.5>


****************************************************************************************

				