P01V285_2K.txt - 106.25MHz Engine speed
For iXon TX285 MAch1/Homer Camera


Horizontal readout speeds implemented:
	54MHz	(53.125)
	35MHz 	(35.41)
	27MHz 	(26.56)
	13MHz 	(13.28)

Histroy:

P01 issued 30/03/05

KCS...
	Added 54MHz and removed 5MHz
	New style vernier introduced with firmware v2.1 to adjust pulse width
	35MHz pattern adjusted to increase pulse width to 66% which is then decreased via vernier to 50%
	13MHz mark space corrected to 50% for R1, R2 and CMG, also moved ADC, RST and AMP
	Vertcal pattern adjusted to make ODB 12 lines
	

Vertical clocks need to be in groups of 12 lines to ensure engine clock phase and tx_clk
remain in sync at highest speeds of 2, 3 and 4 lines per horizontal pattern.

00000000	11111100	22221111	33222222	33333333	44444444
76543210	54321098	32109876	10987654	98765432	76543210

SSIBSSSS 	I-----R- 	----A--- 	C-- R--- 	--F----F 	A-ROC-PL
122 PPPP     	1     S  	    M    	M   1    	  I    R 	D 2DD XO
    3210     	      T  	    P    	G        	  R    A 	C  BS LC
<VS-st>
01100000	10000010	00000000	00001001	00000000	00001000
01100000	10000010	00000000	00001001	00000000	00001000
01100000	10000010	00000000	00001001	00000000	00001000
00100000	10000010	00000000	00001001	00000000	00001000
00100000	10000010	00000000	00001001	00000000	00001000
00100000	10000010	00000000	00001001	00000000	00001000
10100000	10000010	00000000	00001001	00000000	00001000
10100000	10000010	00000000	00001001	00000000	00001000
10100000	10000010	00000000	00001001	00000000	00001000
11100000	10000010	00000000	00001001	00000000	00001000
11100000	10000010	00000000	00001001	00000000	00001000
11110000	10000010	00000000	00001001	00000000	00001000
<\VS-st>

* Now Driving horizontal clocks during VS-st to improve baseline curl with clamp on *
<VS-sth>
01100000	10000000	00000000	10000001	00000000	00101000
01100000	10000010	00000000	00001001	00000000	00001000
01100000	10000000	00000000	10000001	00000000	00101000
00100000	10000010	00000000	00001001	00000000	00001000
00100000	10000000	00000000	10000001	00000000	00101000
00100000	10000010	00000000	00001001	00000000	00001000
10100000	10000000	00000000	10000001	00000000	00101000
10100000	10000010	00000000	00001001	00000000	00001000
10100000	10000000	00000000	10000001	00000000	00101000
11100000	10000010	00000000	00001001	00000000	00001000
11100000	10000000	00000000	10000001	00000000	00101000
11110000	10000010	00000000	00001001	00000000	00001000
<\VS-sth>

<VS-all>
01100000	00000010	00000000	00001001	00000000	00001000
01100000	00000010	00000000	00001001	00000000	00001000
01100000	00000010	00000000	00001001	00000000	00001000
00000000	00000010	00000000	00001001	00000000	00001000
00000000	00000010	00000000	00001001	00000000	00001000
00000000	00000010	00000000	00001001	00000000	00001000
10000000	10000010	00000000	00001001	00000000	00001000
10000000	10000010	00000000	00001001	00000000	00001000
10000000	10000010	00000000	00001001	00000000	00001000
11100000	10000010	00000000	00001001	00000000	00001000
11100000	10000010	00000000	00001001	00000000	00001000
11110000	10000010	00000000	00001001	00000000	00001000
<\VS-all>

* Now Driving horizontal clocks during VS-ALL to improve baseline curl *
<VS-allh>
01100000	00000000	00000000	10000001	00000000	00101000
01100000	00000010	00000000	00001001	00000000	00001000
01100000	00000000	00000000	10000001	00000000	00101000
00000000	00000010	00000000	00001001	00000000	00001000
00000000	00000000	00000000	10000001	00000000	00101000
00000000	00000010	00000000	00001001	00000000	00001000
10000000	10000000	00000000	10000001	00000000	00101000
10000000	10000010	00000000	00001001	00000000	00001000
10000000	10000000	00000000	10000001	00000000	00101000
11100000	10000010	00000000	00001001	00000000	00001000
11100000	10000000	00000000	10000001	00000000	00101000
11110000	10000010	00000000	00001001	00000000	00001000
<\VS-allh>

<VH>
11100000	10000010	00000000	00001001	00000000	00001001
11100000	10000010	00000000	00001001	00000000	00001001
11100000	10000010	00000000	00001001	00000000	00001001
11100000	10000010	00000000	00001001	00000000	00001001
11100000	10000010	00000000	00001001	00000000	00001001
11100000	10000010	00000000	00001001	00000000	00001001
11100000	10000010	00000000	00001001	00000000	00001001
11100000	10000010	00000000	00001001	00000000	00001001
11100000	10000010	00000000	00001001	00000000	00001001
11100000	10000010	00000000	00001001	00000000	00001000
11100000	10000010	00000000	00001001	00000000	00001000
11110000	10000010	00000000	00001001	00000000	00001000
<\VH>

<HV>
11100000	10000010	00000000	00001001	00000000	00001000
11100000	10000010	00000000	00001001	00000000	00001000
11100000	10000010	00000000	00001001	00000000	00001000
11100000	10000010	00000000	00001001	00000000	00001000
11100000	10000010	00000000	00001001	00000000	00001000
11100000	10000010	00000000	00001001	00000000	00001000
11100000	10000010	00000000	00001001	00000000	00001000
11100000	10000010	00000000	00001001	00000000	00001000
11100000	10000010	00000000	00001001	00000000	00001000
11100000	10000010	00000000	00001001	00000000	00001000
11100000	10000010	00000000	00001001	00000000	00001000
11110000	10000010	00000000	00001001	00000000	00001000
<\HV>

<ODB>
11100000	10000010	00000000	00001001	00000000	00011000
11100000	10000010	00000000	00001001	00000000	00011000
11100000	10000010	00000000	00001001	00000000	00011000
11100000	10000010	00000000	00001001	00000000	00011000
11100000	10000010	00000000	00001001	00000000	00011000
11100000	10000010	00000000	00001001	00000000	00011000
11100000	10000010	00000000	00001001	00000000	00011000
11100000	10000010	00000000	00001001	00000000	00011000
11100000	10000010	00000000	00001001	00000000	00011000
11100000	10000010	00000000	00001001	00000000	00011000
11100000	10000010	00000000	00001001	00000000	00011000
11110000	10000010	00000000	00001001	00000000	00011000
<\ODB>

****************************************************************************************
54MHz starts here.

SSIBSSSS 	I-----R- 	----A--- 	C-- R--- 	--F----F 	A-ROC-P-
122 PPPP     	1     S  	    M    	M   1    	  I    R 	D 2DD X
    3210     	      T  	    P    	G        	  R    A 	C  BS L
<HS2K54>
11100000	11101110	00000000	00001001	00000000	00001000
11110000	11101100	00000000	10000001	00000000	10100000
<\HS2K54>

<HS-EXP2K54>
11100001	11101110	00001000	00001001	00000000	00001000
11100001	11101100	00001000	00001001	00000000	00001000
11100001	11101100	00000000	10000001	00000000	10100000
11110001	11101100	00000000	10000001	00000000	10100000
<\HS-EXP2K54>

<EXP-NOHS2K54>
11100001	11101110	00001000	00001001	00000000	00001000
11100001	11101100	00001000	00001001	00000000	00001000
11100001	11101100	00000000	00001001	00000000	10000000
11110001	11101100	00000000	00001001	00000000	10000000
<\EXP-NOHS2K54>

<HS-rd-clk2K54>
11100000	11101110	00000000	00001001	00000000	00001010
11110000	11101100	00000000	10000001	00000000	10100010
<\HS-rd-clk2K54>

<PIXCLK2K54>
11100000	11101100	00000000	10000001	00000000	00100010
11110000	11101100	00000000	10000001	00000000	10100010
<\PIXCLK2K54>

<HS-rd2K54>
11100000	11101110	00000000	00001001	00000000	00001000
11110000	11101100	00000000	10000001	00000000	10100000
<\HS-rd2K54>

<HS-amp-rst2K54>
11100001	11101110	00001000	00001001	00000000	00001000
11100001	11101100	00001000	00001001	00000000	00001000
11100001	11101100	00000000	10000001	00000000	10100000
11110001	11101100	00000000	10000001	00000000	10100000
<\HS-amp-rst2K54>

<HBIN2K54>
11100000	11101100	00000000	00001001	00000000	00000000
11110000	11101100	00000000	10000001	00000000	00100000
<\HBIN2K54>

****************************************************************************************
35MHz starts here.

SSIBSSSS 	I-----R- 	----A--- 	C-- R--- 	--F----F 	A-ROC-P-
122 PPPP     	1     S  	    M    	M   1    	  I    R 	D 2DD X
    3210     	      T  	    P    	G        	  R    A 	C  BS L
<HS2K35>
11100000	11101110	00000000	00001001	00000000	00000000
11100000	11101100	00000000	10001001	00000000	10100000
11110000	11101100	00000000	10000001	00000000	10101000
<\HS2K35>

<HS-EXP2K35>
11100001	11101110	00000000	00001001	00000000	00000000
11100001	11101100	00000000	00001001	00000000	00000000
11100001	11101100	00001000	10001001	00000000	10101000
11100001	11101100	00000000	10000001	00000000	10100000
11100001	11101100	00000000	10000001	00000000	10100000
11110001	11101100	00000000	10000001	00000000	10100000
<\HS-EXP2K35>

<EXP-NOHS2K35>
11100001	11101110	00000000	00001001	00000000	00000000
11100001	11101100	00000000	00001001	00000000	00000000
11100001	11101100	00001000	00001001	00000000	10001000
11100001	11101100	00000000	00001001	00000000	10000000
11100001	11101100	00000000	00001001	00000000	10000000
11110001	11101100	00000000	00001001	00000000	10000000
<\EXP-NOHS2K35>

<HS-rd-clk2K35>
11100000	11101110	00000000	00001001	00000000	00000010
11100000	11101100	00000000	10001001	00000000	10100010
11110000	11101100	00000000	10000001	00000000	10101010
<\HS-rd-clk2K35>

<PIXCLK2K35>
11100000	11101100	00000000	10000001	00000000	00100010
11100000	11101100	00000000	10000001	00000000	10100010
11110000	11101100	00000000	10000001	00000000	10100010
<\PIXCLK2K35>

<HS-rd2K35>
11100000	11101110	00000000	00001001	00000000	00000000
11100000	11101100	00000000	10001001	00000000	10100000
11110000	11101100	00000000	10000001	00000000	10101000
<\HS-rd2K35>

<HS-amp-rst2K35>
11100001	11101110	00000000	00001001	00000000	00000000
11100001	11101100	00000000	00001001	00000000	00000000
11100001	11101100	00001000	10001001	00000000	10101000
11100001	11101100	00000000	10000001	00000000	10100000
11100001	11101100	00000000	10000001	00000000	10100000
11110001	11101100	00000000	10000001	00000000	10100000
<\HS-amp-rst2K35>

<HBIN2K35>
11100000	11101100	00000000	00001001	00000000	00000000
11100000	11101100	00000000	10001001	00000000	00100000
11110000	11101100	00000000	10000001	00000000	00100000
<\HBIN2K35>


****************************************************************************************
27MHz starts here.

SSIBSSSS 	I-----R- 	----A--- 	C-- R--- 	--F----F 	A-ROC-P-
122 PPPP     	1     S  	    M    	M   1    	  I    R 	D 2DD X
    3210     	      T  	    P    	G        	  R    A 	C  BS L
<HS2K27>
11100000	11101110	00000000	00001001	00000000	00000000
11100000	11101100	00000000	10001001	00000000	00000000
11100000	11101100	00000000	10000001	00000000	10100000
11110000	11101100	00000000	10000001	00000000	10101000
<\HS2K27>

<HS-exp2K27>
11100101	11101110	00000000	00001001	00000000	00000000
11100101	11101100	00001000	10001001	00000000	00000000
11100101	11101100	00000000	10000001	00000000	10100000
11110101	11101100	00000000	10000001	00000000	10101000
<\HS-exp2K27>

<EXP-NOHS2K27>
11100101	11101110	00000000	00001001	00000000	00000000
11100101	11101100	00001000	00001001	00000000	00000000
11100101	11101100	00000000	00001001	00000000	10000000
11110101	11101100	00000000	00001001	00000000	10001000
<\EXP-NOHS2K27>

<HS-rd-clk2K27>
11100000	11101110	00000000	00001001	00000000	00000010
11100000	11101100	00000000	10001001	00000000	00000010
11100000	11101100	00000000	10000001	00000000	10100010
11110000	11101100	00000000	10000001	00000000	10101010
<\HS-rd-clk2K27>

<PIXCLK2K27>
11100000	11101100	00000000	10000001	00000000	00100010
11100000	11101100	00000000	10000001	00000000	00100010
11100000	11101100	00000000	10000001	00000000	10100010
11110000	11101100	00000000	10000001	00000000	10100010
<\PIXCLK2K27>

<HS-rd2K27>
11100000	11101110	00000000	00001001	00000000	00000000
11100000	11101100	00000000	10001001	00000000	00000000
11100000	11101100	00000000	10000001	00000000	10100000
11110000	11101100	00000000	10000001	00000000	10101000
<\HS-rd2K27>

<HS-amp-rst2K27>
11100101	11101110	00000000	00001001	00000000	00000000
11100101	11101100	00001000	10001001	00000000	00000000
11100101	11101100	00000000	10000001	00000000	10100000
11110101	11101100	00000000	10000001	00000000	10101000

<\HS-amp-rst2K27>

<HBIN2K27>
11100000	11101100	00000000	00001001	00000000	00000000
11100000	11101100	00000000	10001001	00000000	00000000
11100000	11101100	00000000	10000001	00000000	00100000
11110000	11101100	00000000	10000001	00000000	00100000
<\HBIN2K27>


****************************************************************************************
13MHz starts here.

SSIBSSSS 	I-----R- 	----A--- 	C-- R--- 	--F----F 	A-ROC-P-
122 PPPP     	1     S  	    M    	M   1    	  I    R 	D 2DD X
    3210     	      T  	    P    	G        	  R    A 	C  BS L
<HS2K13>
11100000	11101110	00000000	00001001	00000000	00000000
11100000	11101110	00000000	00001001	00000000	10000000
11100000	11101100	00000000	00001001	00000000	10000000
11100000	11101100	00000000	00001001	00000000	10000000
11100000	11101100	00000000	10000001	00000000	10101000
11100000	11101100	00000000	10000001	00000000	00101000
11100000	11101100	00000000	10000001	00000000	00100000
11110000	11101100	00000000	10000001	00000000	00100000
<\HS2K13>

<HS-exp2K13>
11100000	11101110	00000000	00001001	00000000	00000000
11100101	11101110	00000000	00001001	00000000	10000000
11100000	11101100	00001000	00001001	00000000	10000000
11100101	11101100	00001000	00001001	00000000	10000000
11100000	11101100	00000000	10000001	00000000	10101000
11100101	11101100	00000000	10000001	00000000	00101000
11100000	11101100	00000000	10000001	00000000	00100000
11110101	11101100	00000000	10000001	00000000	00100000
<\HS-exp2K13>

<EXP-NOHS2K13>
11100000	11101110	00000000	00001001	00000000	00000000
11100101	11101110	00000000	00001001	00000000	10000000
11100000	11101100	00001000	00001001	00000000	10000000
11100101	11101100	00001000	00001001	00000000	10000000
11100000	11101100	00000000	00001001	00000000	10001000
11100101	11101100	00000000	00001001	00000000	00001000
11100000	11101100	00000000	00001001	00000000	00000000
11110101	11101100	00000000	00001001	00000000	00000000
<\EXP-NOHS2K13>

<HS-rd-clk2K13>
11100000	11101110	00000000	00001001	00000000	00000000
11100000	11101110	00000000	00001001	00000000	10000000
11100000	11101100	00000000	00001001	00000000	10000000
11100000	11101100	00000000	00001001	00000000	10000010
11100000	11101100	00000000	10000001	00000000	10101010
11100000	11101100	00000000	10000001	00000000	00101010
11100000	11101100	00000000	10000001	00000000	00100010
11110000	11101100	00000000	10000001	00000000	00100000
<\HS-rd-clk2K13>

<PIXCLK2K13>
11100000	11101100	00000000	10000001	00000000	00100000
11100000	11101100	00000000	10000001	00000000	10100000
11100000	11101100	00000000	10000001	00000000	10100000
11100000	11101100	00000000	10000001	00000000	10100010
11100000	11101100	00000000	10000001	00000000	10100010
11100000	11101100	00000000	10000001	00000000	00100010
11100000	11101100	00000000	10000001	00000000	00100010
11110000	11101100	00000000	10000001	00000000	00100000
<\PIXCLK2K13>

<HS-rd2K13>
11100000	11101110	00000000	00001001	00000000	00000000
11100000	11101110	00000000	00001001	00000000	10000000
11100000	11101100	00000000	00001001	00000000	10000000
11100000	11101100	00000000	00001001	00000000	10000000
11100000	11101100	00000000	10000001	00000000	10101000
11100000	11101100	00000000	10000001	00000000	00101000
11100000	11101100	00000000	10000001	00000000	00100000
11110000	11101100	00000000	10000001	00000000	00100000
<\HS-rd2K13>

<HS-amp-rst2K13>
11100000	11101110	00000000	00001001	00000000	00000000
11100101	11101100	00000000	00001001	00000000	10000000
11100000	11101100	00001000	00001001	00000000	10000000
11100101	11101100	00001000	00001001	00000000	10000000
11100000	11101100	00000000	10000001	00000000	10101000
11100101	11101100	00000000	10000001	00000000	00101000
11100000	11101100	00000000	10000001	00000000	00100000
11110101	11101100	00000000	10000001	00000000	00100000
<\HS-amp-rst2K13>

<HBIN2K13>
11100000	11101100	00000000	00001001	00000000	00000000
11100000	11101100	00000000	00001001	00000000	00000000
11100000	11101100	00000000	00001001	00000000	00000000
11100000	11101100	00000000	00001001	00000000	00000000
11100000	11101100	00000000	10001001	00000000	00100000
11100000	11101100	00000000	10000001	00000000	00100000
11100000	11101100	00000000	10000001	00000000	00100000
11110000	11101100	00000000	10000001	00000000	00100000
<\HBIN2K13>

****************************************************************************************
SSIBSSSS 	I-----R- 	----A--- 	C-- R--- 	--F----F 	A-ROC-P-
122 PPPP     	1     S  	    M    	M   1    	  I    R 	D 2DD X
    3210     	      T  	    P    	G        	  R    A 	C  BS L
****************************************************************************************
