P99V247_2F.txt - 75MHz Engine speed

horizontal readout speeds:
 25.00MHz - 3 lines
 18.75MHz - 4 lines
 12.50MHz - 6 lines
  6.25MHz - 12 lines 

History:
	First draft based on 285JCS pattern


****************************************************************************************
00000000	11111100	22221111	33222222	33333333	44444444
76543210	54321098	32109876	10987654	98765432	76543210

				POB = AMP RSTORE

SSIBSSSS 	IS----R- 	----P--- 	C-- R--- 	--FH-BPF 	ASROS-PL 
122 PPPP     	1E    S  	    O    	M   1    	  ID LDR 	DH2DH XO
    3210     	 L    T  	    B    	G        	  R  KMA 	CD BP LC
<VS-st>
01100000	10000010	00001000	00001001	00001110	00001000
01100000	10000010	00001000	00001001	00000110	00001000
01100000	10000010	00001000	00001001	00000110	00001000
00100000	10000010	00001000	00001001	00000110	00001000
00100000	10000010	00001000	00001001	00000110	00001000
00100000	10000010	00001000	00001001	00000110	00001000
10100000	10000010	00001000	00001001	00000110	00001000
10100000	10000010	00001000	00001001	00000110	00001000
10100000	10000010	00001000	00001001	00000110	00001000
11100000	10000010	00001000	00001001	00000110	00001000
11100000	10000010	00001000	00001001	00000110	00001000
11110000	10000010	00001000	00001001	00000110	00001000
<\VS-st>

<VS-all>
01100000	00000010	00001000	00001001	00000110	00001000
00000000	00000010	00001000	00001001	00000110	00001000
00000000	00000010	00001000	00001001	00000110	00001000
00000000	00000010	00001000	00001001	00000110	00001000
00000000	00000010	00001000	10001001	00000110	00001000
10000000	10000010	00001000	00001001	00000110	00001000
10000000	10000010	00001000	00001001	00000110	00001000
11100000	10000010	00001000	00001001	00000110	00001000
11100000	10000010	00001000	10001001	00000110	00001000
11100000	10000010	00001000	00001001	00000110	00001000
11100000	10000010	00001000	00001001	00000110	00001000
11110000	10000010	00001000	00001001	00000110	00001000
<\VS-all>

SSIBSSSS 	IS----R- 	----P--- 	C-- R--- 	--FH-BPF 	ASROS-PL 
122 PPPP     	1E    S  	    O    	M   1    	  ID LDR 	DH2DH XO
    3210     	 L    T  	    B    	G        	  R  KMA 	CD BP LC
<VH>
11100000	10000010	00001000	00001001	00000010	00001001
11100000	10000010	00001000	00001001	00000010	00001001
11100000	10000010	00001000	00001001	00000010	00001001
11100000	10000010	00001000	00001001	00000010	00001000
11100000	10000010	00001000	00001001	00000010	00001000
11110000	10000010	00001000	00001001	00000010	00001000
<\VH>

<HV>
11100000	10000010	00001000	00001001	00000010	00001000
11100000	10000010	00001000	00001001	00000010	00001000
11100000	10000010	00001000	00001001	00000010	00001000
11100000	10000010	00001000	00001001	00000010	00001000
11100000	10000010	00001000	00001001	00000010	00001000
11110000	10000010	00001000	00001001	00000010	00001000
<\HV>

<ODB>
11100000	10000010	00001000	00001001	00000010	00001000
11100000	10000010	00001000	00001001	00000010	00001000
11100000	10000010	00001000	00001001	00000010	00001000
11100000	10000010	00001000	00001001	00000010	00001000
11100000	10000010	00001000	00001001	00000010	00001000
11110000	10000010	00001000	00001001	00000010	00001000
<\ODB>

<PDT>
11100101	11000010	00001000	00001001	00000010	00001000
11100101	11000010	00001000	00001001	00000010	00001000
11100101	11000010	00001000	00001001	00000010	00001000
11100101	11000010	00001000	00001001	00000010	00001000
11100101	11000010	00001000	00001001	00000010	00001000
11110101	10000010	00001000	00001001	00000010	00001000
<\PDT>


****************************************************************************************
25MHz starts here.

SSIBSSSS 	IS----R- 	----P--- 	C-- R--- 	--FH-BPF 	ASROS-PL 
122 PPPP     	1E    S  	    O    	M   1    	  ID LDR 	DH2DH XO
    3210     	 L    T  	    B    	G        	  R  KMA 	CD BP LC
<HS2F25>
11100000	10101110	00001000	00001001	00000110	11001000
11100000	10101100	00001000	10001001	00000110	11100000
11110000	10101100	00001000	10000001	00000110	00101000
<\HS2F25>

<HS-EXP2F25>
11100000	10101110	00001000	00001001	00000110	11001000
11100000	10101100	00001000	10001001	00000110	11100000
11110000	10101100	00000000	10000001	00000110	00101000
<\HS-EXP2F25>

<HS-rd-clk2F25>
11100000	10101110	00001000	00001001	00000110	11001000
11100000	10101100	00001000	10001001	00000110	11100000
11110000	10101100	00001000	10000001	00000110	00101010
<\HS-rd-clk2F25>

<PIXCLK2F25>
11100000	10101100	00001000	10000001	00000110	11101000
11100000	10101100	00001000	10000001	00000110	11100000
11110000	10101100	00001000	10000001	00000110	00101010
<\PIXCLK2F25>

<HS-rd2F25>
11100000	10101110	00001000	00001001	00000110	11001000
11100000	10101100	00001000	10001001	00000110	11100000
11110000	10101100	00001000	10000001	00000110	00101000
<\HS-rd2F25>

<HS-amp-rst2F25>
11100000	10101110	00000000	00001001	00001000	11001000
11100000	10101100	00000000	10001001	00000000	11100000
11110000	10101100	00000000	10000001	00000000	00101000
<\HS-amp-rst2F25>

<HBIN2F25>
11100000	10101100	00001000	00001001	00000110	00000000
11100000	10101100	00001000	10001001	00000110	00100000
11110000	10101100	00001000	10000001	00000110	00100000
<\HBIN2F25>


****************************************************************************************
18.75MHz starts here.

SSIBSSSS 	IS----R- 	----P--- 	C-- R--- 	--FH-BPF 	ASROS-PL 
122 PPPP     	1E    S  	    O    	M   1    	  ID LDR 	DH2DH XO
    3210     	 L    T  	    B    	G        	  R  KMA 	CD BP LC
<HS2F18.75>
11100000	10101110	00001000	00001001	00000110	11001000
11100000	10101100	00001000	10001001	00000110	11000000
11100000	10101100	00001000	10000001	00000110	01101000
11110000	10101100	00001000	10000001	00000110	00101000
<\HS2F18.75>

<HS-exp2F18.75>
11100000	10101110	00001000	00001001	00000110	11001000
11100000	10101100	00001000	10001001	00000110	11000000
11100000	10101100	00001000	10000001	00000110	01101000
11110000	10101100	00000000	10000001	00000110	00101000
<\HS-exp2F18.75>

<HS-rd-clk2F18.75>
11100000	10101110	00001000	00001001	00000110	11001000
11100000	10101100	00001000	10001001	00000110	11000000
11100000	10101100	00001000	10000001	00000110	01101000
11110000	10101100	00001000	10000001	00000110	00101010
<\HS-rd-clk2F18.75>

<PIXCLK2F18.75>
11100000	10101100	00001000	10000001	00000110	11101000
11100000	10101100	00001000	10000001	00000110	11100000
11100000	10101100	00001000	10000001	00000110	01101000
11110000	10101100	00001000	10000001	00000110	00101010
<\PIXCLK2F18.75>

<HS-rd2F18.75>
11100000	10101110	00001000	00001001	00000110	11001000
11100000	10101100	00001000	10001001	00000110	11000000
11100000	10101100	00001000	10000001	00000110	01101000
11110000	10101100	00001000	10000001	00000110	00101000
<\HS-rd2F18.75>

<HS-amp-rst2F18.75>
11100000	10101110	00000000	00001001	00001000	11001000
11100000	10101100	00000000	10001001	00001000	11000000
11100000	10101100	00000000	10000001	00000000	01101000
11110000	10101100	00000000	10000001	00000000	00101000
<\HS-amp-rst2F18.75>

<HBIN2F18.75>
11100000	10101100	00001000	00001001	00000110	00000000
11100000	10101100	00001000	10001001	00000110	00000000
11100000	10101100	00001000	10000001	00000110	00100000
11110000	10101100	00001000	10000001	00000110	00100000
<\HBIN2F18.75>


****************************************************************************************
12.5MHz Starts here

SSIBSSSS 	IS----R- 	----P--- 	C-- R--- 	--FH-BPF 	ASROS-PL 
122 PPPP     	1E    S  	    O    	M   1    	  ID LDR 	DH2DH XO
    3210     	 L    T  	    B    	G        	  R  KMA 	CD BP LC
<HS2F12.5>
11100000	10101110	00001000	00001001	00000110	11001000
11100000	10101100	00001000	00001001	00000110	11001000
11100000	10101100	00001000	10001001	00000110	11000000
11100000	10101100	00001000	10000001	00000110	01101000
11100000	10101100	00001000	10000001	00000110	01101000
11110000	10101100	00001000	10000001	00000110	00101000
<\HS2F12.5>

<HS-exp2F12.5>
11100000	10101110	00001000	00001001	00000110	11001000
11100000	10101100	00001000	00001001	00000110	11001000
11100000	10101100	00001000	10001001	00000110	11000000
11100000	10101100	00001000	10000001	00000110	01101000
11100000	10101100	00000000	10000001	00000110	01101000
11110000	10101100	00000000	10000001	00000110	00101000
<\HS-exp2F12.5>

<HS-rd-clk2F12.5>
11100000	10101110	00001000	00001001	00000110	11001000
11100000	10101100	00001000	00001001	00000110	11001000
11100000	10101100	00001000	10001001	00000110	11000000
11100000	10101100	00001000	10000001	00000110	01101010
11100000	10101100	00001000	10000001	00000110	01101010
11110000	10101100	00001000	10000001	00000110	00101010
<\HS-rd-clk2F12.5>

<PIXCLK2F12.5>
11100000	10101100	00001000	10000001	00000110	11101000
11100000	10101100	00001000	10000001	00000110	11101000
11100000	10101100	00001000	10000001	00000110	11100000
11100000	10101100	00001000	10000001	00000110	01101010
11100000	10101100	00001000	10000001	00000110	01101010
11110000	10101100	00001000	10000001	00000110	00101010
<\PIXCLK2F12.5>

<HS-rd2F12.5>
11100000	10101110	00001000	00001001	00000110	11001000
11100000	10101100	00001000	00001001	00000110	11001000
11100000	10101100	00001000	10001001	00000110	11000000
11100000	10101100	00001000	10000001	00000110	01101000
11100000	10101100	00001000	10000001	00000110	01101000
11110000	10101100	00001000	10000001	00000110	00101000
<\HS-rd2F12.5>

<HS-amp-rst2F12.5>
11100000	10101110	00000000	00001001	00001000	11001000
11100000	10101100	00000000	00001001	00001000	11001000
11100000	10101100	00000000	10001001	00001000	11000000
11100000	10101100	00000000	10000001	00000000	01101000
11100000	10101100	00000000	10000001	00000000	01101000
11110000	10101100	00000000	10000001	00000000	00101000
<\HS-amp-rst2F12.5>

<HBIN2F12.5>
11100000	10101100	00001000	00001001	00000110	00000000
11100000	10101100	00001000	00001001	00000110	00000000
11100000	10101100	00001000	10001001	00000110	00000000
11100000	10101100	00001000	10000001	00000110	00100000
11100000	10101100	00001000	10000001	00000110	00100000
11110000	10101100	00001000	10000001	00000110	00100000
<\HBIN2F12.5>


****************************************************************************************
6.25MHz starts here. 

SSIBSSSS 	IS----R- 	----P--- 	C-- R--- 	--FH-BPF 	ASROS-PL 
122 PPPP     	1E    S  	    O    	M   1    	  ID LDR 	DH2DH XO
    3210     	 L    T  	    B    	G        	  R  KMA 	CD BP LC
<HS2F6.25>
11100001	10101110	00001000	00001001	00000110	11001000
11100001	10101100	00001000	00001001	00000110	11001000
11100001	10101100	00001000	10001001	00000110	11000000
11100001	10101100	00001000	10000001	00000110	01101000
11100001	10101100	00001000	10000001	00000110	01101000
11110001	10101100	00001000	10000001	00000110	00101000
<\HS2F6.25>

<HS-exp2F6.25>
11100001	10101110	00001000	00001001	00000110	11001000
11100001	10101100	00001000	00001001	00000110	11001000
11100001	10101100	00001000	10001001	00000110	11000000
11100001	10101100	00001000	10000001	00000110	01101000
11100001	10101100	00000000	10000001	00000110	01101000
11110001	10101100	00000000	10000001	00000110	00101000
<\HS-exp2F6.25>

<HS-rd-clk2F6.25>
11100001	10101110	00001000	00001001	00000110	11001000
11100001	10101100	00001000	00001001	00000110	11001000
11100001	10101100	00001000	10001001	00000110	11000000
11100001	10101100	00001000	10000001	00000110	01101010
11100001	10101100	00001000	10000001	00000110	01101010
11110001	10101100	00001000	10000001	00000110	00101010
<\HS-rd-clk2F6.25>

<PIXCLK2F6.25>
11100001	10101100	00001000	10000001	00000110	11101000
11100001	10101100	00001000	10000001	00000110	11101000
11100001	10101100	00001000	10000001	00000110	11100000
11100001	10101100	00001000	10000001	00000110	01101010
11100001	10101100	00001000	10000001	00000110	01101010
11110001	10101100	00001000	10000001	00000110	00101010
<\PIXCLK2F6.25>

<HS-rd2F6.25>
11100001	10101110	00001000	00001001	00000110	11001000
11100001	10101100	00001000	00001001	00000110	11001000
11100001	10101100	00001000	10001001	00000110	11000000
11100001	10101100	00001000	10000001	00000110	01101000
11100001	10101100	00001000	10000001	00000110	01101000
11110001	10101100	00001000	10000001	00000110	00101000
<\HS-rd2F6.25>

<HS-amp-rst2F6.25>
11100001	10101110	00000000	00001001	00001000	11001000
11100001	10101100	00000000	00001001	00001000	11001000
11100001	10101100	00000000	10001001	00001000	11000000
11100001	10101100	00000000	10000001	00000000	01101000
11100001	10101100	00000000	10000001	00000000	01101000
11110001	10101100	00000000	10000001	00000000	00101000
<\HS-amp-rst2F6.25>

<HBIN2F6.25>
11100001	10101100	00001000	00001001	00000110	00000000
11100001	10101100	00001000	00001001	00000110	00000000
11100001	10101100	00001000	10001001	00000110	00000000
11100001	10101100	00001000	10000001	00000110	00100000
11100001	10101100	00001000	10000001	00000110	00100000
11110001	10101100	00001000	10000001	00000110	00100000
<\HBIN2F6.25>


SSIBSSSS 	IS----R- 	----P--- 	C-- R--- 	--FH-BPF 	ASROS-PL 
122 PPPP     	1E    S  	    O    	M   1    	  ID LDR 	DH2DH XO
    3210     	 L    T  	    B    	G        	  R  KMA 	CD BP LC

****************************************************************************************
		