P01V285_2E.txt
For iXon TX285 (10/5/3/1 MHz with Datel 1410).

IMPORTANT: Clock driver outputs are paired for extra drive current, therefore paired 
outputs (e.g. S1 and S1A) MUST match or driver chips may be damaged.

(Image and storage clocks driven synchronously, unlike data sheet).

SSIBSSSS 	IIS-ISR- 	--H-A-D- 	HC-RR--M 	--F----F 	SSR-C-P-
122 PPPP     	112 21S  	  V M M  	VG 31  U 	  I    R 	CC2 G X
    3210     	 AA AAT  	  F P P  	R3 N   X 	  R    A 	23  2 L
<VS-st>
01100000	11101010	00000000	00001001	00000000	00001000
00100000	11001010	00000000	00001001	00000000	00001000
10100000	11001110	00000000	00001001	00000000	00001000
11110000	11101110	00000000	00001001	00000000	00001000
<\VS-st>

<VS-all>
01100000	00101010	00000000	10001001	00000000	00001000
00000000	00000010	00100000	00001001	00000000	00001000
10000000	11000110	00000000	10001001	00000000	00001000
11110000	11101110	00100000	00001001	00000000	00001000
<\VS-all>

<VH>
11100000	11101110	00000000	00001001	00000000	00001000
11100000	11101110	00000000	00001001	00000000	00001000
11100000	11101110	00000000	00001001	00000000	00001000
11110000	11101110	00000000	00001001	00000000	00001000
<\VH>

<HV>
11100000	11101110	00000000	00001001	00000000	00001000
11100000	11101110	00000000	00001001	00000000	00001000
11100000	11101110	00000000	00001001	00000000	00001000
11110000	11101110	00000000	00001001	00000000	00001000
<\HV>


****************************************************************************************
10MHz starts here.

SSIBSSSS 	IIS-ISR- 	--H-A-D- 	HC-RR--M 	--F----F 	SSR-C-P-
122 PPPP     	112 21S  	  V M M  	VG 31  U 	  I    R 	CC2 G X
    3210     	 AA AAT  	  F P P  	R3 N   X 	  R    A 	23  2 L
<HS2E10>
11100000	11101110	00000000	00001001	00000000	10001000
11100000	11101100	00000000	10001001	00000000	10000000
11100000	11101100	00000000	00000001	00000000	00100000
11110000	11101100	00100000	00000001	00000000	00101000
<\HS2E10>

<HS-EXP2E10>
11100000	11101110	00000000	00001001	00000000	10001000
11100000	11101100	00001000	10001001	00000000	10000000
11100000	11101100	00000000	00000001	00000000	00100000
11110000	11101100	00100000	00000001	00000000	00101000
<\HS-EXP2E10>

<HS-rd-clk2E10>
11100000	11101110	00000000	00001001	00000000	10001000
11100000	11101100	00000000	10001001	00000000	10000000
11100000	11101100	00000000	00000001	00000000	00100000
11110000	11101100	00100000	00000001	00000000	00101010
<\HS-rd-clk2E10>

<HS-rd2E10>
11100000	11101110	00000000	00001001	00000000	10001000
11100000	11101100	00000000	10001001	00000000	10000000
11100000	11101100	00000000	00000001	00000000	00100000
11110000	11101100	00100000	00000001	00000000	00101000
<\HS-rd2E10>

<HS-amp-rst2E10>
11100000	11101110	00000000	00001001	00000000	10001000
11100000	11101100	00001000	10001001	00000000	10000000
11100000	11101100	00000000	00000001	00000000	00100000
11110000	11101100	00100000	00000001	00000000	00101000
<\HS-amp-rst2E10>

<HBIN2E10>
11100000	11101100	00000000	00001001	00000000	00001000
11100000	11101100	00000000	10001001	00000000	00001000
11100000	11101100	00000000	00000001	00000000	00101000
11110000	11101100	00100000	00000001	00000000	00101000
<\HBIN2E10>


****************************************************************************************
5MHz starts here.

SSIBSSSS 	IIS-ISR- 	--H-A-D- 	HC-RR--M 	--F----F 	SSR-C-P-
122 PPPP     	112 21S  	  V M M  	VG 31  U 	  I    R 	CC2 G X
    3210     	 AA AAT  	  F P P  	R3 N   X 	  R    A 	23  2 L
<HS2E5>
11100000	11101110	00000000	00001001	00000000	10001000
11100000	11101110	00000000	00001001	00000000	10001000
11100000	11101100	00000000	00001001	00000000	00000000
11100000	11101100	00000000	00001001	00000000	00000000
11100000	11101100	00000000	10001001	00000000	00000000
11100000	11101100	00000000	00000001	00000000	00101000
11100000	11101100	00000000	00000001	00000000	00101000
11110000	11101100	00100000	00000001	00000000	00101000
<\HS2E5>

<HS-exp2E5>
11100000	11101110	00000000	00001001	00000000	10001000
11100000	11101110	00000000	00001001	00000000	10001000
11100000	11101100	00000000	00001001	00000000	00000000
11100000	11101100	00001000	00001001	00000000	00000000
11100000	11101100	00000000	10001001	00000000	00000000
11100000	11101100	00000000	00000001	00000000	00101000
11100000	11101100	00000000	00000001	00000000	00101000
11110000	11101100	00100000	00000001	00000000	00101000
<\HS-exp2E5>

<HS-rd-clk2E5>
11100000	11101110	00000000	00001001	00000000	10001000
11100000	11101110	00000000	00001001	00000000	10001000
11100000	11101100	00000000	00001001	00000000	00000000
11100000	11101100	00000000	00001001	00000000	00000010
11100000	11101100	00000000	10001001	00000000	00000000
11100000	11101100	00000000	00000001	00000000	00101000
11100000	11101100	00000000	00000001	00000000	00101000
11110000	11101100	00100000	00000001	00000000	00101000
<\HS-rd-clk2E5>

SSIBSSSS 	IIS-ISR- 	--H-A-D- 	HC-RR--M 	--F----F 	SSR-C-P-
122 PPPP     	112 21S  	  V M M  	VG 31  U 	  I    R 	CC2 G X
    3210     	 AA AAT  	  F P P  	R3 N   X 	  R    A 	23  2 L
<HS-rd2E5>
11100000	11101110	00000000	00001001	00000000	10001000
11100000	11101110	00000000	00001001	00000000	10001000
11100000	11101100	00000000	00001001	00000000	00000000
11100000	11101100	00000000	00001001	00000000	00000000
11100000	11101100	00000000	10001001	00000000	00000000
11100000	11101100	00000000	00000001	00000000	00101000
11100000	11101100	00000000	00000001	00000000	00101000
11110000	11101100	00100000	00000001	00000000	00101000
<\HS-rd2E5>

<HS-amp-rst2E5>
11100000	11101110	00000000	00001001	00000000	10001000
11100000	11101110	00000000	00001001	00000000	10001000
11100000	11101100	00000000	00001001	00000000	00000000
11100000	11101100	00001000	00001001	00000000	00000000
11100000	11101100	00000000	10001001	00000000	00000000
11100000	11101100	00000000	00000001	00000000	00101000
11100000	11101100	00000000	00000001	00000000	00101000
11110000	11101100	00100000	00000001	00000000	00101000
<\HS-amp-rst2E5>

<HBIN2E5>
11100000	11101100	00000000	00001001	00000000	00001000
11100000	11101100	00000000	00001001	00000000	00001000
11100000	11101100	00000000	00001001	00000000	00001000
11100000	11101100	00000000	00001001	00000000	00001000
11100000	11101100	00000000	10001001	00000000	00001000
11100000	11101100	00000000	00000001	00000000	00101000
11100000	11101100	00000000	00000001	00000000	00101000
11110000	11101100	00100000	00000001	00000000	00101000
<\HBIN2E5>


****************************************************************************************
3MHz starts here.

SSIBSSSS 	IIS-ISR- 	--H-A-D- 	HC-RR--M 	--F----F 	SSR-C-P-
122 PPPP     	112 21S  	  V M M  	VG 31  U 	  I    R 	CC2 G X
    3210     	 AA AAT  	  F P P  	R3 N   X 	  R    A 	23  2 L
<HS2E3>
11100000	11101110	00000000	00001001	00000000	10001000
11100000	11101110	00000000	00001001	00000000	10001000
11100000	11101100	00000000	00001001	00000000	00000000
11100000	11101100	00000000	00001001	00000000	00000000
11100000	11101100	00000000	00001001	00000000	00000000
11100000	11101100	00000000	00001001	00000000	00000000
11100000	11101100	00000000	00001001	00000000	00000000
11100000	11101100	00000000	10001001	00000000	00000000
11100000	11101100	00000000	00000001	00000000	00101000
11100000	11101100	00000000	00000001	00000000	00101000
11100000	11101100	00000000	00000001	00000000	00101000
11100000	11101100	00000000	00000001	00000000	00101000
11100000	11101100	00000000	00000001	00000000	00101000
11110000	11101100	00100000	00000001	00000000	00101000
<\HS2E3>

SSIBSSSS 	IIS-ISR- 	--H-A-D- 	HC-RR--M 	--F----F 	SSR-C-P-
122 PPPP     	112 21S  	  V M M  	VG 31  U 	  I    R 	CC2 G X
    3210     	 AA AAT  	  F P P  	R3 N   X 	  R    A 	23  2 L
<HS-EXP2E3>
11100000	11101110	00000000	00001001	00000000	10001000
11100000	11101110	00000000	00001001	00000000	10001000
11100000	11101100	00000000	00001001	00000000	00000000
11100000	11101100	00001000	00001001	00000000	00000000
11100000	11101100	00001000	00001001	00000000	00000000
11100000	11101100	00001000	00001001	00000000	00000000
11100000	11101100	00001000	00001001	00000000	00000000
11100000	11101100	00000000	10001001	00000000	00000000
11100000	11101100	00000000	00000001	00000000	00101000
11100000	11101100	00000000	00000001	00000000	00101000
11100010	11101100	00000000	00000001	00000000	00101000
11100010	11101100	00000000	00000001	00000000	00101000
11100010	11101100	00000000	00000001	00000000	00101000
11110000	11101100	00100000	00000001	00000000	00101000
<\HS-EXP2E3>

SSIBSSSS 	IIS-ISR- 	--H-A-D- 	HC-RR--M 	--F----F 	SSR-C-P-
122 PPPP     	112 21S  	  V M M  	VG 31  U 	  I    R 	CC2 G X
    3210     	 AA AAT  	  F P P  	R3 N   X 	  R    A 	23  2 L
<HS-rd-clk2E3>
11100000	11101110	00000000	00001001	00000000	10001000
11100000	11101110	00000000	00001001	00000000	10001000
11100000	11101100	00000000	00001001	00000000	00000000
11100000	11101100	00000000	00001001	00000000	00000010
11100000	11101100	00000000	00001001	00000000	00000000
11100000	11101100	00000000	00001001	00000000	00000000
11100000	11101100	00000000	00001001	00000000	00000000
11100000	11101100	00000000	10001001	00000000	00000000
11100000	11101100	00000000	00000001	00000000	00101000
11100000	11101100	00000000	00000001	00000000	00101000
11100000	11101100	00000000	00000001	00000000	00101000
11100000	11101100	00000000	00000001	00000000	00101000
11100000	11101100	00000000	00000001	00000000	00101000
11110000	11101100	00100000	00000001	00000000	00101000
<\HS-rd-clk2E3>

SSIBSSSS 	IIS-ISR- 	--H-A-D- 	HC-RR--M 	--F----F 	SSR-C-P-
122 PPPP     	112 21S  	  V M M  	VG 31  U 	  I    R 	CC2 G X
    3210     	 AA AAT  	  F P P  	R3 N   X 	  R    A 	23  2 L
<HS-rd2E3>
11100000	11101110	00000000	00001001	00000000	10001000
11100000	11101110	00000000	00001001	00000000	10001000
11100000	11101100	00000000	00001001	00000000	00000000
11100000	11101100	00000000	00001001	00000000	00000000
11100000	11101100	00000000	00001001	00000000	00000000
11100000	11101100	00000000	00001001	00000000	00000000
11100000	11101100	00000000	00001001	00000000	00000000
11100000	11101100	00000000	10001001	00000000	00000000
11100000	11101100	00000000	00000001	00000000	00101000
11100000	11101100	00000000	00000001	00000000	00101000
11100000	11101100	00000000	00000001	00000000	00101000
11100000	11101100	00000000	00000001	00000000	00101000
11100000	11101100	00000000	00000001	00000000	00101000
11110000	11101100	00100000	00000001	00000000	00101000
<\HS-rd2E3>

SSIBSSSS 	IIS-ISR- 	--H-A-D- 	HC-RR--M 	--F----F 	SSR-C-P-
122 PPPP     	112 21S  	  V M M  	VG 31  U 	  I    R 	CC2 G X
    3210     	 AA AAT  	  F P P  	R3 N   X 	  R    A 	23  2 L
<HS-amp-rst2E3>
11100000	11101110	00000000	00001001	00000000	10001000
11100000	11101110	00000000	00001001	00000000	10001000
11100000	11101100	00000000	00001001	00000000	00000000
11100000	11101100	00001000	00001001	00000000	00000000
11100000	11101100	00001000	00001001	00000000	00000000
11100000	11101100	00001000	00001001	00000000	00000000
11100000	11101100	00001000	00001001	00000000	00000000
11100000	11101100	00000000	10001001	00000000	00000000
11100000	11101100	00000000	00000001	00000000	00101000
11100000	11101100	00000000	00000001	00000000	00101000
11100000	11101100	00000000	00000001	00000000	00101000
11100000	11101100	00000000	00000001	00000000	00101000
11100000	11101100	00000000	00000001	00000000	00101000
11110000	11101100	00100000	00000001	00000000	00101000
<\HS-amp-rst2E3>

SSIBSSSS 	IIS-ISR- 	--H-A-D- 	HC-RR--M 	--F----F 	SSR-C-P-
122 PPPP     	112 21S  	  V M M  	VG 31  U 	  I    R 	CC2 G X
    3210     	 AA AAT  	  F P P  	R3 N   X 	  R    A 	23  2 L
<HBIN2E3>
11100000	11101100	00000000	00001001	00000000	00001000
11100000	11101100	00000000	00001001	00000000	00001000
11100000	11101100	00000000	00001001	00000000	00001000
11100000	11101100	00000000	00001001	00000000	00001000
11100000	11101100	00000000	00001001	00000000	00001000
11100000	11101100	00000000	00001001	00000000	00001000
11100000	11101100	00000000	00001001	00000000	00001000
11100000	11101100	00000000	10001001	00000000	00001000
11100000	11101100	00000000	00000001	00000000	00101000
11100000	11101100	00000000	00000001	00000000	00101000
11100000	11101100	00000000	00000001	00000000	00101000
11100000	11101100	00000000	00000001	00000000	00101000
11100000	11101100	00000000	00000001	00000000	00101000
11110000	11101100	00100000	00000001	00000000	00101000
<\HBIN2E3>


****************************************************************************************
1MHz starts here.

SSIBSSSS 	IIS-ISR- 	--H-A-D- 	HC-RR--M 	--F----F 	SSR-C-P-
122 PPPP     	112 21S  	  V M M  	VG 31  U 	  I    R 	CC2 G X
    3210     	 AA AAT  	  F P P  	R3 N   X 	  R    A 	23  2 L
<HS2E1>
11100000	11101110	00000000	00001001	00000000	10001000
11100010	11101110	00000000	00001001	00000000	10001000
11100010	11101100	00000000	00001001	00000000	00000000
11100010	11101100	00000000	00001001	00000000	00000000
11100010	11101100	00000000	00001001	00000000	00000000
11100010	11101100	00000000	00001001	00000000	00000000
11100010	11101100	00000000	00001001	00000000	00000000
11100010	11101100	00000000	10001001	00000000	00000000
11100010	11101100	00000000	00000001	00000000	00101000
11100010	11101100	00000000	00000001	00000000	00101000
11100010	11101100	00000000	00000001	00000000	00101000
11100010	11101100	00000000	00000001	00000000	00101000
11100010	11101100	00000000	00000001	00000000	00101000
11110010	11101100	00100000	00000001	00000000	00101000
<\HS2E1>

SSIBSSSS 	IIS-ISR- 	--H-A-D- 	HC-RR--M 	--F----F 	SSR-C-P-
122 PPPP     	112 21S  	  V M M  	VG 31  U 	  I    R 	CC2 G X
    3210     	 AA AAT  	  F P P  	R3 N   X 	  R    A 	23  2 L
<HS-EXP2E1>
11100000	11101110	00000000	00001001	00000000	10001000
11100010	11101110	00000000	00001001	00000000	10001000
11100010	11101100	00000000	00001001	00000000	00000000
11100010	11101100	00001000	00001001	00000000	00000000
11100010	11101100	00001000	00001001	00000000	00000000
11100010	11101100	00001000	00001001	00000000	00000000
11100010	11101100	00001000	00001001	00000000	00000000
11100010	11101100	00000000	10001001	00000000	00000000
11100010	11101100	00000000	00000001	00000000	00101000
11100010	11101100	00000000	00000001	00000000	00101000
11100010	11101100	00000000	00000001	00000000	00101000
11100010	11101100	00000000	00000001	00000000	00101000
11100010	11101100	00000000	00000001	00000000	00101000
11110010	11101100	00100000	00000001	00000000	00101000
<\HS-EXP2E1>

SSIBSSSS 	IIS-ISR- 	--H-A-D- 	HC-RR--M 	--F----F 	SSR-C-P-
122 PPPP     	112 21S  	  V M M  	VG 31  U 	  I    R 	CC2 G X
    3210     	 AA AAT  	  F P P  	R3 N   X 	  R    A 	23  2 L
<HS-rd-clk2E1>
11100000	11101110	00000000	00001001	00000000	10001000
11100010	11101110	00000000	00001001	00000000	10001000
11100010	11101100	00000000	00001001	00000000	00000000
11100010	11101100	00000000	00001001	00000000	00000010
11100010	11101100	00000000	00001001	00000000	00000000
11100010	11101100	00000000	00001001	00000000	00000000
11100010	11101100	00000000	00001001	00000000	00000000
11100010	11101100	00000000	10001001	00000000	00000000
11100010	11101100	00000000	00000001	00000000	00101000
11100010	11101100	00000000	00000001	00000000	00101000
11100010	11101100	00000000	00000001	00000000	00101000
11100010	11101100	00000000	00000001	00000000	00101000
11100010	11101100	00000000	00000001	00000000	00101000
11110010	11101100	00100000	00000001	00000000	00101000
<\HS-rd-clk2E1>

SSIBSSSS 	IIS-ISR- 	--H-A-D- 	HC-RR--M 	--F----F 	SSR-C-P-
122 PPPP     	112 21S  	  V M M  	VG 31  U 	  I    R 	CC2 G X
    3210     	 AA AAT  	  F P P  	R3 N   X 	  R    A 	23  2 L
<HS-rd2E1>
11100000	11101110	00000000	00001001	00000000	10001000
11100010	11101110	00000000	00001001	00000000	10001000
11100010	11101100	00000000	00001001	00000000	00000000
11100010	11101100	00000000	00001001	00000000	00000000
11100010	11101100	00000000	00001001	00000000	00000000
11100010	11101100	00000000	00001001	00000000	00000000
11100010	11101100	00000000	00001001	00000000	00000000
11100010	11101100	00000000	10001001	00000000	00000000
11100010	11101100	00000000	00000001	00000000	00101000
11100010	11101100	00000000	00000001	00000000	00101000
11100010	11101100	00000000	00000001	00000000	00101000
11100010	11101100	00000000	00000001	00000000	00101000
11100010	11101100	00000000	00000001	00000000	00101000
11110010	11101100	00100000	00000001	00000000	00101000
<\HS-rd2E1>

SSIBSSSS 	IIS-ISR- 	--H-A-D- 	HC-RR--M 	--F----F 	SSR-C-P-
122 PPPP     	112 21S  	  V M M  	VG 31  U 	  I    R 	CC2 G X
    3210     	 AA AAT  	  F P P  	R3 N   X 	  R    A 	23  2 L
<HS-amp-rst2E1>
11100000	11101110	00000000	00001001	00000000	10001000
11100010	11101110	00000000	00001001	00000000	10001000
11100010	11101100	00000000	00001001	00000000	00000000
11100010	11101100	00001000	00001001	00000000	00000000
11100010	11101100	00001000	00001001	00000000	00000000
11100010	11101100	00001000	00001001	00000000	00000000
11100010	11101100	00001000	00001001	00000000	00000000
11100010	11101100	00000000	10001001	00000000	00000000
11100010	11101100	00000000	00000001	00000000	00101000
11100010	11101100	00000000	00000001	00000000	00101000
11100010	11101100	00000000	00000001	00000000	00101000
11100010	11101100	00000000	00000001	00000000	00101000
11100010	11101100	00000000	00000001	00000000	00101000
11110010	11101100	00100000	00000001	00000000	00101000
<\HS-amp-rst2E1>

SSIBSSSS 	IIS-ISR- 	--H-A-D- 	HC-RR--M 	--F----F 	SSR-C-P-
122 PPPP     	112 21S  	  V M M  	VG 31  U 	  I    R 	CC2 G X
    3210     	 AA AAT  	  F P P  	R3 N   X 	  R    A 	23  2 L
<HBIN2E1>
11100000	11101100	00000000	00001001	00000000	00001000
11100010	11101100	00000000	00001001	00000000	00001000
11100010	11101100	00000000	00001001	00000000	00001000
11100010	11101100	00000000	00001001	00000000	00001000
11100010	11101100	00000000	00001001	00000000	00001000
11100010	11101100	00000000	00001001	00000000	00001000
11100010	11101100	00000000	00001001	00000000	00001000
11100010	11101100	00000000	10001001	00000000	00001000
11100010	11101100	00000000	00000001	00000000	00101000
11100010	11101100	00000000	00000001	00000000	00101000
11100010	11101100	00000000	00000001	00000000	00101000
11100010	11101100	00000000	00000001	00000000	00101000
11100010	11101100	00000000	00000001	00000000	00101000
11110010	11101100	00100000	00000001	00000000	00101000
<\HBIN2E1>


****************************************************************************************
		