P01B87_2E.txt
For iXon 87BI (10/5/3/1 MHz with Datel 1410).
Added conventional patterns 24/09/03 and modified them to suit IMCCs rounding off - MAB & JB
Changed CTG2 on 5 & 3 MHz to delay it by one to reduce noise - mab & MP 28-10-03


SIIBSSSS 	SSI-ISR- 	--H-A-D- 	HC-RR--M 	--F----F 	SSR-C-P-
441 PPPP     	123 23S  	  V M M  	VG 31  U 	  I    R 	CC2 G X
    3210     	      T  	  F P P  	R3     X 	  R    A 	23  2 L
<VS-st>
11100000	00101110	00000000	00001001	00000000	00101000
11100000	00101010	00000000	00001001	00000000	00101000
11100000	10101010	00000000	00001001	00000000	00101000
01100000	10101000	00000000	00001001	00000000	00101000
01100000	11101000	00000000	00001001	00000000	00101000
01100000	01101000	00000000	00001001	00000000	00101000
01100000	01101100	00000000	00001001	00000000	00101000
11110000	11101100	00000000	00001001	00000000	00101000	
<\VS-st>

<VS-all>
11000000	00100110	00000000	10001001	00000000	00101000
11000000	00000010	00100000	00001001	00000000	00101000
11100000	10000010	00000000	10001001	00000000	00101000
00100000	10000000	00100000	00001001	00000000	00101000
00100000	11001000	00000000	10001001	00000000	00101000
00000000	01001000	00100000	00001001	00000000	00101000
00000000	01101100	00000000	10001001	00000000	00101000
11110000	11101100	00100000	00001001	00000000	00101000
<\VS-all>

<VH>
11100000	11101100	00000000	00001001	00000000	00101000
11100000	11101100	00000000	00001001	00000000	00101000
11100000	11101100	00000000	00001001	00000000	00101000
11110000	11101100	00000000	00001001	00000000	00101000
<\VH>

<HV>
11100000	11101100	00000000	00001001	00000000	00101000
11100000	11101100	00000000	00001001	00000000	00101000
11100000	11101100	00000000	00001001	00000000	00101000
11110000	11101100	00000000	00001001	00000000	00101000
<\HV>


****************************************************************************************
10MHz starts here.

SIIBSSSS 	SSI-ISR- 	--H-A-D- 	HC-RR--M 	--F----F 	SSR-C-P-
441 PPPP     	123 23S  	  V M M  	VG 31  U 	  I    R 	CC2 G X
    3210     	      T  	  F P P  	R3     X 	  R    A 	23  2 L
<HS2E10>
11100000	11101110	00000000	00000001	00000000	10101000
11100000	11101100	00100000	00010001	00000000	10000000
11100000	11101100	00000000	10001001	00000000	00000000
11110000	11101100	00000000	00001001	00000000	00101000
<\HS2E10>

<HS-EXP2E10>
11100000	11101110	00000000	00000001	00000000	10101000
11100000	11101100	00101000	00010001	00000000	10000000
11100000	11101100	00000000	10001001	00000000	00000000
11110000	11101100	00000000	00001001	00000000	00101000
<\HS-EXP2E10>

<HS-rd-clk2E10>
11100000	11101110	00000000	00000001	00000000	10101000
11100000	11101100	00100000	00010001	00000000	10000000
11100000	11101100	00000000	10001001	00000000	00000000
11110000	11101100	00000000	00001001	00000000	00101010
<\HS-rd-clk2E10>

<HS-rd2E10>
11100000	11101110	00000000	00000001	00000000	10101000
11100000	11101100	00100000	00010001	00000000	10000000
11100000	11101100	00000000	10001001	00000000	00000000
11110000	11101100	00000000	00001001	00000000	00101000
<\HS-rd2E10>

<HS-amp-rst2E10>
11100000	11101110	00000000	00000001	00000000	10101000
11100000	11101100	00101000	00010001	00000000	10000000
11100000	11101100	00000000	10001001	00000000	00000000
11110000	11101100	00000000	00001001	00000000	00101000
<\HS-amp-rst2E10>

<HBIN2E10>
11100000	11101100	00000000	00000001	00000000	00101000
11100000	11101100	00100000	00010001	00000000	00001000
11100000	11101100	00000000	10001001	00000000	00001000
11110000	11101100	00000000	00001001	00000000	00101000
<\HBIN2E10>


****************************************************************************************
5MHz starts here.

SIIBSSSS 	SSI-ISR- 	--H-A-D- 	HC-RR--M 	--F----F 	SSR-C-P-
441 PPPP     	123 23S  	  V M M  	VG 31  U 	  I    R 	CC2 G X
    3210     	      T  	  F P P  	R3     X 	  R    A 	23  2 L
<HS2E5>
11100000	11101110	00000000	00001001	00000000	10101000
11100000	11101110	00000000	00000001	00000000	10101000
11100000	11101100	00100000	00010001	00000000	00101000
11100000	11101100	00000000	00010001	00000000	00001000
11100000	11101100	00000000	00010001	00000000	00000000
11100000	11101100	00000000	10001001	00000000	00000000
11100000	11101100	00000000	00001001	00000000	00001000
11110000	11101100	00000000	00001001	00000000	00001000
<\HS2E5>

<HS-exp2E5>
11100000	11101110	00000000	00001001	00000000	10101000
11100000	11101110	00000000	00000001	00000000	10101000
11100000	11101100	00100000	00010001	00000000	00101000
11100000	11101100	00001000	00010001	00000000	00001000
11100000	11101100	00000000	00010001	00000000	00000000
11100000	11101100	00000000	10001001	00000000	00000000
11100000	11101100	00000000	00001001	00000000	00001000
11110000	11101100	00000000	00001001	00000000	00001000
<\HS-exp2E5>

<HS-rd-clk2E5>
11100000	11101110	00000000	00001001	00000000	10101000
11100000	11101110	00000000	00000001	00000000	10101000
11100000	11101100	00100000	00010001	00000000	00101000
11100000	11101100	00000000	00010001	00000000	00001010
11100000	11101100	00000000	00010001	00000000	00000000
11100000	11101100	00000000	10001001	00000000	00000000
11100000	11101100	00000000	00001001	00000000	00001000
11110000	11101100	00000000	00001001	00000000	00001000
<\HS-rd-clk2E5>

SIIBSSSS 	SSI-ISR- 	--H-A-D- 	HC-RR--M 	--F----F 	SSR-C-P-
441 PPPP     	123 23S  	  V M M  	VG 31  U 	  I    R 	CC2 G X
    3210     	      T  	  F P P  	R3     X 	  R    A 	23  2 L
<HS-rd2E5>
11100000	11101110	00000000	00001001	00000000	10101000
11100000	11101110	00000000	00000001	00000000	10101000
11100000	11101100	00100000	00010001	00000000	00101000
11100000	11101100	00000000	00010001	00000000	00001000
11100000	11101100	00000000	00010001	00000000	00000000
11100000	11101100	00000000	10001001	00000000	00000000
11100000	11101100	00000000	00001001	00000000	00001000
11110000	11101100	00000000	00001001	00000000	00001000
<\HS-rd2E5>

<HS-amp-rst2E5>
11100000	11101110	00000000	00001001	00000000	10101000
11100000	11101110	00000000	00000001	00000000	10101000
11100000	11101100	00100000	00010001	00000000	00101000
11100000	11101100	00001000	00010001	00000000	00001000
11100000	11101100	00000000	00010001	00000000	00000000
11100000	11101100	00000000	10001001	00000000	00000000
11100000	11101100	00000000	00001001	00000000	00001000
11110000	11101100	00000000	00001001	00000000	00001000
<\HS-amp-rst2E5>

<HBIN2E5>
11100000	11101100	00000000	00001001	00000000	00101000
11100000	11101100	00000000	00000001	00000000	00101000
11100000	11101100	00100000	00010001	00000000	00101000
11100000	11101100	00000000	00010001	00000000	00001000
11100000	11101100	00000000	00010001	00000000	00001000
11100000	11101100	00000000	10001001	00000000	00001000
11100000	11101100	00000000	00001001	00000000	00001000
11110000	11101100	00000000	00001001	00000000	00001000
<\HBIN2E5>


****************************************************************************************
3MHz starts here.

SIIBSSSS 	SSI-ISR- 	--H-A-D- 	HC-RR--M 	--F----F 	SSR-C-P-
441 PPPP     	123 23S  	  V M M  	VG 31  U 	  I    R 	CC2 G X
    3210     	      T  	  F P P  	R3     X 	  R    A 	23  2 L
<HS2E3>
11100000	11101110	00000000	00001001	00000000	10101000
11100000	11101110	00000000	00000001	00000000	10101000
11100000	11101100	00100000	00010001	00000000	00100000
11100000	11101100	00000000	00010001	00000000	00000000
11100000	11101100	00000000	00010001	00000000	00000000
11100000	11101100	00000000	00010001	00000000	00000000
11100000	11101100	00000000	00010001	00000000	00000000
11100000	11101100	00000000	00010001	00000000	00000000
11100000	11101100	00000000	10001001	00000000	00001000
11100000	11101100	00000000	00001001	00000000	00001000
11100000	11101100	00000000	00001001	00000000	00001000
11100000	11101100	00000000	00001001	00000000	00001000
11100000	11101100	00000000	00001001	00000000	00001000
11110000	11101100	00000000	00001001	00000000	00001000
<\HS2E3>

SIIBSSSS 	SSI-ISR- 	--H-A-D- 	HC-RR--M 	--F----F 	SSR-C-P-
441 PPPP     	123 23S  	  V M M  	VG 31  U 	  I    R 	CC2 G X
    3210     	      T  	  F P P  	R3     X 	  R    A 	23  2 L

Padded for making exposure time in packets of 500ns
<HS-EXP2E3>
11100000	11101110	00000000	00001001	00000000	10101000
11100000	11101110	00000000	00000001	00000000	10101000
11100000	11101100	00100000	00010001	00000000	00101000
11100000	11101100	00001000	00010001	00000000	00001000
11100000	11101100	00001000	00010001	00000000	00000000
11100000	11101100	00001000	00010001	00000000	00000000
11100000	11101100	00001000	00010001	00000000	00000000
11100000	11101100	00000000	00010001	00000000	00000000
11100000	11101100	00000000	10001001	00000000	00001000
11100000	11101100	00000000	00001001	00000000	00001000
11100010	11101100	00000000	00001001	00000000	00001000
11100010	11101100	00000000	00001001	00000000	00001000
11100010	11101100	00000000	00001001	00000000	00001000
11110000	11101100	00000000	00001001	00000000	00001000
<\HS-EXP2E3>

SIIBSSSS 	SSI-ISR- 	--H-A-D- 	HC-RR--M 	--F----F 	SSR-C-P-
441 PPPP     	123 23S  	  V M M  	VG 31  U 	  I    R 	CC2 G X
    3210     	      T  	  F P P  	R3     X 	  R    A 	23  2 L
<HS-rd-clk2E3>
11100000	11101110	00000000	00001001	00000000	10101000
11100000	11101110	00000000	00000001	00000000	10101000
11100000	11101100	00100000	00010001	00000000	00101000
11100000	11101100	00000000	00010001	00000000	00001010
11100000	11101100	00000000	00010001	00000000	00000000
11100000	11101100	00000000	00010001	00000000	00000000
11100000	11101100	00000000	00010001	00000000	00000000
11100000	11101100	00000000	00010001	00000000	00000000
11100000	11101100	00000000	10001001	00000000	00001000
11100000	11101100	00000000	00001001	00000000	00001000
11100000	11101100	00000000	00001001	00000000	00001000
11100000	11101100	00000000	00001001	00000000	00001000
11100000	11101100	00000000	00001001	00000000	00001000
11110000	11101100	00000000	00001001	00000000	00001000
<\HS-rd-clk2E3>

SIIBSSSS 	SSI-ISR- 	--H-A-D- 	HC-RR--M 	--F----F 	SSR-C-P-
441 PPPP     	123 23S  	  V M M  	VG 31  U 	  I    R 	CC2 G X
    3210     	      T  	  F P P  	R3     X 	  R    A 	23  2 L
<HS-rd2E3>
11100000	11101110	00000000	00001001	00000000	10101000
11100000	11101110	00000000	00000001	00000000	10101000
11100000	11101100	00100000	00010001	00000000	00101000
11100000	11101100	00000000	00010001	00000000	00001000
11100000	11101100	00000000	00010001	00000000	00000000
11100000	11101100	00000000	00010001	00000000	00000000
11100000	11101100	00000000	00010001	00000000	00000000
11100000	11101100	00000000	00010001	00000000	00000000
11100000	11101100	00000000	10001001	00000000	00001000
11100000	11101100	00000000	00001001	00000000	00001000
11100000	11101100	00000000	00001001	00000000	00001000
11100000	11101100	00000000	00001001	00000000	00001000
11100000	11101100	00000000	00001001	00000000	00001000
11110000	11101100	00000000	00001001	00000000	00001000
<\HS-rd2E3>

SIIBSSSS 	SSI-ISR- 	--H-A-D- 	HC-RR--M 	--F----F 	SSR-C-P-
441 PPPP     	123 23S  	  V M M  	VG 31  U 	  I    R 	CC2 G X
    3210     	      T  	  F P P  	R3     X 	  R    A 	23  2 L
<HS-amp-rst2E3>
11100000	11101110	00000000	00001001	00000000	10101000
11100000	11101110	00000000	00000001	00000000	10101000
11100000	11101100	00100000	00010001	00000000	00101000
11100000	11101100	00001000	00010001	00000000	00001000
11100000	11101100	00001000	00010001	00000000	00000000
11100000	11101100	00001000	00010001	00000000	00000000
11100000	11101100	00001000	00010001	00000000	00000000
11100000	11101100	00000000	00010001	00000000	00000000
11100000	11101100	00000000	10001001	00000000	00001000
11100000	11101100	00000000	00001001	00000000	00001000
11100000	11101100	00000000	00001001	00000000	00001000
11100000	11101100	00000000	00001001	00000000	00001000
11100000	11101100	00000000	00001001	00000000	00001000
11110000	11101100	00000000	00001001	00000000	00001000
<\HS-amp-rst2E3>

SIIBSSSS 	SSI-ISR- 	--H-A-D- 	HC-RR--M 	--F----F 	SSR-C-P-
441 PPPP     	123 23S  	  V M M  	VG 31  U 	  I    R 	CC2 G X
    3210     	      T  	  F P P  	R3     X 	  R    A 	23  2 L
<HBIN2E3>
11100000	11101100	00000000	00001001	00000000	00101000
11100000	11101100	00000000	00000001	00000000	00101000
11100000	11101100	00100000	00010001	00000000	00101000
11100000	11101100	00000000	00010001	00000000	00001000
11100000	11101100	00000000	00010001	00000000	00001000
11100000	11101100	00000000	00010001	00000000	00001000
11100000	11101100	00000000	00010001	00000000	00001000
11100000	11101100	00000000	00010001	00000000	00001000
11100000	11101100	00000000	10001001	00000000	00001000
11100000	11101100	00000000	00001001	00000000	00001000
11100000	11101100	00000000	00001001	00000000	00001000
11100000	11101100	00000000	00001001	00000000	00001000
11100000	11101100	00000000	00001001	00000000	00001000
11110000	11101100	00000000	00001001	00000000	00001000
<\HBIN2E3>


****************************************************************************************
1MHz starts here.

SIIBSSSS 	SSI-ISR- 	--H-A-D- 	HC-RR--M 	--F----F 	SSR-C-P-
441 PPPP     	123 23S  	  V M M  	VG 31  U 	  I    R 	CC2 G X
    3210     	      T  	  F P P  	R3     X 	  R    A 	23  2 L
<HS2E1>
11100000	11101110	00000000	00001001	00000000	10101000
11100010	11101110	00000000	00000001	00000000	10101000
11100010	11101100	00100000	00010001	00000000	00100000
11100010	11101100	00000000	00010001	00000000	00000000
11100010	11101100	00000000	00010001	00000000	00000000
11100010	11101100	00000000	00010001	00000000	00000000
11100010	11101100	00000000	00010001	00000000	00000000
11100010	11101100	00000000	00010001	00000000	00000000
11100010	11101100	00000000	10001001	00000000	00001000
11100010	11101100	00000000	00001001	00000000	00001000
11100010	11101100	00000000	00001001	00000000	00001000
11100010	11101100	00000000	00001001	00000000	00001000
11100010	11101100	00000000	00001001	00000000	00001000
11110010	11101100	00000000	00001001	00000000	00001000
<\HS2E1>

SIIBSSSS 	SSI-ISR- 	--H-A-D- 	HC-RR--M 	--F----F 	SSR-C-P-
441 PPPP     	123 23S  	  V M M  	VG 31  U 	  I    R 	CC2 G X
    3210     	      T  	  F P P  	R3     X 	  R    A 	23  2 L
<HS-EXP2E1>
11100000	11101110	00000000	00001001	00000000	10101000
11100010	11101110	00000000	00000001	00000000	10101000
11100010	11101100	00100000	00010001	00000000	00100000
11100010	11101100	00001000	00010001	00000000	00000000
11100010	11101100	00001000	00010001	00000000	00000000
11100010	11101100	00001000	00010001	00000000	00000000
11100010	11101100	00001000	00010001	00000000	00000000
11100010	11101100	00000000	00010001	00000000	00000000
11100010	11101100	00000000	10001001	00000000	00001000
11100010	11101100	00000000	00001001	00000000	00001000
11100010	11101100	00000000	00001001	00000000	00001000
11100010	11101100	00000000	00001001	00000000	00001000
11100010	11101100	00000000	00001001	00000000	00001000
11110010	11101100	00000000	00001001	00000000	00001000
<\HS-EXP2E1>

SIIBSSSS 	SSI-ISR- 	--H-A-D- 	HC-RR--M 	--F----F 	SSR-C-P-
441 PPPP     	123 23S  	  V M M  	VG 31  U 	  I    R 	CC2 G X
    3210     	      T  	  F P P  	R3     X 	  R    A 	23  2 L
<HS-rd-clk2E1>
11100000	11101110	00000000	00001001	00000000	10101000
11100010	11101110	00000000	00000001	00000000	10101000
11100010	11101100	00100000	00010001	00000000	00100000
11100010	11101100	00000000	00010001	00000000	00000010
11100010	11101100	00000000	00010001	00000000	00000000
11100010	11101100	00000000	00010001	00000000	00000000
11100010	11101100	00000000	00010001	00000000	00000000
11100010	11101100	00000000	00010001	00000000	00000000
11100010	11101100	00000000	10001001	00000000	00001000
11100010	11101100	00000000	00001001	00000000	00001000
11100010	11101100	00000000	00001001	00000000	00001000
11100010	11101100	00000000	00001001	00000000	00001000
11100010	11101100	00000000	00001001	00000000	00001000
11110010	11101100	00000000	00001001	00000000	00001000
<\HS-rd-clk2E1>

SIIBSSSS 	SSI-ISR- 	--H-A-D- 	HC-RR--M 	--F----F 	SSR-C-P-
441 PPPP     	123 23S  	  V M M  	VG 31  U 	  I    R 	CC2 G X
    3210     	      T  	  F P P  	R3     X 	  R    A 	23  2 L
<HS-rd2E1>
11100000	11101110	00000000	00001001	00000000	10101000
11100010	11101110	00000000	00000001	00000000	10101000
11100010	11101100	00100000	00010001	00000000	00100000
11100010	11101100	00000000	00010001	00000000	00000000
11100010	11101100	00000000	00010001	00000000	00000000
11100010	11101100	00000000	00010001	00000000	00000000
11100010	11101100	00000000	00010001	00000000	00000000
11100010	11101100	00000000	00010001	00000000	00000000
11100010	11101100	00000000	10001001	00000000	00001000
11100010	11101100	00000000	00001001	00000000	00001000
11100010	11101100	00000000	00001001	00000000	00001000
11100010	11101100	00000000	00001001	00000000	00001000
11100010	11101100	00000000	00001001	00000000	00001000
11110010	11101100	00000000	00001001	00000000	00001000
<\HS-rd2E1>

SIIBSSSS 	SSI-ISR- 	--H-A-D- 	HC-RR--M 	--F----F 	SSR-C-P-
441 PPPP     	123 23S  	  V M M  	VG 31  U 	  I    R 	CC2 G X
    3210     	      T  	  F P P  	R3     X 	  R    A 	23  2 L
<HS-amp-rst2E1>
11100000	11101110	00000000	00001001	00000000	10101000
11100010	11101110	00000000	00000001	00000000	10101000
11100010	11101100	00100000	00010001	00000000	00100000
11100010	11101100	00001000	00010001	00000000	00000000
11100010	11101100	00001000	00010001	00000000	00000000
11100010	11101100	00001000	00010001	00000000	00000000
11100010	11101100	00001000	00010001	00000000	00000000
11100010	11101100	00000000	00010001	00000000	00000000
11100010	11101100	00000000	10001001	00000000	00001000
11100010	11101100	00000000	00001001	00000000	00001000
11100010	11101100	00000000	00001001	00000000	00001000
11100010	11101100	00000000	00001001	00000000	00001000
11100010	11101100	00000000	00001001	00000000	00001000
11110010	11101100	00000000	00001001	00000000	00001000
<\HS-amp-rst2E1>

SIIBSSSS 	SSI-ISR- 	--H-A-D- 	HC-RR--M 	--F----F 	SSR-C-P-
441 PPPP     	123 23S  	  V M M  	VG 31  U 	  I    R 	CC2 G X
    3210     	      T  	  F P P  	R3     X 	  R    A 	23  2 L
<HBIN2E1>
11100000	11101100	00000000	00001001	00000000	00101000
11100010	11101100	00000000	00000001	00000000	00101000
11100010	11101100	00100000	00010001	00000000	00101000
11100010	11101100	00000000	00010001	00000000	00001000
11100010	11101100	00000000	00010001	00000000	00001000
11100010	11101100	00000000	00010001	00000000	00001000
11100010	11101100	00000000	00010001	00000000	00001000
11100010	11101100	00000000	00010001	00000000	00001000
11100010	11101100	00000000	10001001	00000000	00001000
11100010	11101100	00000000	00001001	00000000	00001000
11100010	11101100	00000000	00001001	00000000	00001000
11100010	11101100	00000000	00001001	00000000	00001000
11100010	11101100	00000000	00001001	00000000	00001000
11110010	11101100	00000000	00001001	00000000	00001000
<\HBIN2E1>

*******************************************************************************************
3MHz using conventional follows
SIIBSSSS 	SSI-ISR- 	--H-A-D- 	HC-RR--M 	--F----F 	SSR-C-P-
441 PPPP     	123 23S  	  V M M  	VG 31  U 	  I    R 	CC2 G X
    3210     	      T  	  F P P  	R3     X 	  R    A 	23  2 L

****************************************************************************************
3MHz conventional starts here.

SIIBSSSS 	SSI-ISR- 	--H-A-D- 	HC-RR--M 	--F----F 	SSR-C-P-
441 PPPP     	123 23S  	  V M M  	VG 31  U 	  I    R 	CC2 G X
    3210     	      T  	  F P P  	R3     X 	  R    A 	23  2 L
<HS2E3-HR>
11100000	11101110	00000000	00001001	00000000	10101000
11100000	11101110	00000000	00001001	00000000	10001000
11100000	11101100	00100000	00011001	00000000	00000000
11100000	11101100	00000000	00010001	00000000	00000000
11100000	11101100	00000000	00010001	00000000	00000000
11100000	11101100	00000000	00010001	00000000	00000000
11100000	11101100	00000000	00010001	00000000	00000000
11100000	11101100	00000000	00010001	00000000	00000000
11100000	11101100	00000000	10000001	00000000	00101000
11100000	11101100	00000000	00000001	00000000	00101000
11100000	11101100	00000000	00000001	00000000	00101000
11100000	11101100	00000000	00000001	00000000	00101000
11100000	11101100	00000000	00000001	00000000	00101000
11110000	11101100	00000000	00000001	00000000	00101000
<\HS2E3-HR>

SIIBSSSS 	SSI-ISR- 	--H-A-D- 	HC-RR--M 	--F----F 	SSR-C-P-
441 PPPP     	123 23S  	  V M M  	VG 31  U 	  I    R 	CC2 G X
    3210     	      T  	  F P P  	R3     X 	  R    A 	23  2 L

Padded for making exposure time in packets of 500ns
<HS-EXP2E3-HR>
11100000	11101110	00000000	00001001	00000000	10101000
11100000	11101110	00000000	00001001	00000000	10001000
11100000	11101100	00100000	00011001	00000000	00000000
11100000	11101100	00001000	00010001	00000000	00000000
11100000	11101100	00001000	00010001	00000000	00000000
11100000	11101100	00001000	00010001	00000000	00000000
11100000	11101100	00001000	00010001	00000000	00000000
11100000	11101100	00000000	00010001	00000000	00000000
11100000	11101100	00000000	10000001	00000000	00101000
11100000	11101100	00000000	00000001	00000000	00101000
11100010	11101100	00000000	00000001	00000000	00101000
11100010	11101100	00000000	00000001	00000000	00101000
11100010	11101100	00000000	00000001	00000000	00101000
11110000	11101100	00000000	00000001	00000000	00101000
<\HS-EXP2E3-HR>

SIIBSSSS 	SSI-ISR- 	--H-A-D- 	HC-RR--M 	--F----F 	SSR-C-P-
441 PPPP     	123 23S  	  V M M  	VG 31  U 	  I    R 	CC2 G X
    3210     	      T  	  F P P  	R3     X 	  R    A 	23  2 L
<HS-rd-clk2E3-HR>
11100000	11101110	00000000	00001001	00000000	10101000
11100000	11101110	00000000	00001001	00000000	10001000
11100000	11101100	00100000	00011001	00000000	00000000
11100000	11101100	00000000	00010001	00000000	00000010
11100000	11101100	00000000	00010001	00000000	00000000
11100000	11101100	00000000	00010001	00000000	00000000
11100000	11101100	00000000	00010001	00000000	00000000
11100000	11101100	00000000	00010001	00000000	00000000
11100000	11101100	00000000	10000001	00000000	00101000
11100000	11101100	00000000	00000001	00000000	00101000
11100000	11101100	00000000	00000001	00000000	00101000
11100000	11101100	00000000	00000001	00000000	00101000
11100000	11101100	00000000	00000001	00000000	00101000
11110000	11101100	00000000	00000001	00000000	00101000
<\HS-rd-clk2E3-HR>

SIIBSSSS 	SSI-ISR- 	--H-A-D- 	HC-RR--M 	--F----F 	SSR-C-P-
441 PPPP     	123 23S  	  V M M  	VG 31  U 	  I    R 	CC2 G X
    3210     	      T  	  F P P  	R3     X 	  R    A 	23  2 L
<HS-rd2E3-HR>
11100000	11101110	00000000	00001001	00000000	10101000
11100000	11101110	00000000	00001001	00000000	10001000
11100000	11101100	00100000	00011001	00000000	00000000
11100000	11101100	00000000	00010001	00000000	00000000
11100000	11101100	00000000	00010001	00000000	00000000
11100000	11101100	00000000	00010001	00000000	00000000
11100000	11101100	00000000	00010001	00000000	00000000
11100000	11101100	00000000	00010001	00000000	00000000
11100000	11101100	00000000	10000001	00000000	00101000
11100000	11101100	00000000	00000001	00000000	00101000
11100000	11101100	00000000	00000001	00000000	00101000
11100000	11101100	00000000	00000001	00000000	00101000
11100000	11101100	00000000	00000001	00000000	00101000
11110000	11101100	00000000	00000001	00000000	00101000
<\HS-rd2E3-HR>

SIIBSSSS 	SSI-ISR- 	--H-A-D- 	HC-RR--M 	--F----F 	SSR-C-P-
441 PPPP     	123 23S  	  V M M  	VG 31  U 	  I    R 	CC2 G X
    3210     	      T  	  F P P  	R3     X 	  R    A 	23  2 L
<HS-amp-rst2E3-HR>
11100000	11101110	00000000	00001001	00000000	10101000
11100000	11101110	00000000	00001001	00000000	10001000
11100000	11101100	00100000	00011001	00000000	00000000
11100000	11101100	00001000	00010001	00000000	00000000
11100000	11101100	00001000	00010001	00000000	00000000
11100000	11101100	00001000	00010001	00000000	00000000
11100000	11101100	00001000	00010001	00000000	00000000
11100000	11101100	00000000	00010001	00000000	00000000
11100000	11101100	00000000	10000001	00000000	00101000
11100000	11101100	00000000	00000001	00000000	00101000
11100000	11101100	00000000	00000001	00000000	00101000
11100000	11101100	00000000	00000001	00000000	00101000
11100000	11101100	00000000	00000001	00000000	00101000
11110000	11101100	00000000	00000001	00000000	00101000
<\HS-amp-rst2E3-HR>

SIIBSSSS 	SSI-ISR- 	--H-A-D- 	HC-RR--M 	--F----F 	SSR-C-P-
441 PPPP     	123 23S  	  V M M  	VG 31  U 	  I    R 	CC2 G X
    3210     	      T  	  F P P  	R3     X 	  R    A 	23  2 L
<HBIN2E3-HR>
11100000	11101100	00000000	00001001	00000000	00101000
11100000	11101100	00000000	00001001	00000000	00001000
11100000	11101100	00100000	00011001	00000000	00001000
11100000	11101100	00000000	00010001	00000000	00001000
11100000	11101100	00000000	00010001	00000000	00001000
11100000	11101100	00000000	00010001	00000000	00001000
11100000	11101100	00000000	00010001	00000000	00001000
11100000	11101100	00000000	00010001	00000000	00001000
11100000	11101100	00000000	10000001	00000000	00101000
11100000	11101100	00000000	00000001	00000000	00101000
11100000	11101100	00000000	00000001	00000000	00101000
11100000	11101100	00000000	00000001	00000000	00101000
11100000	11101100	00000000	00000001	00000000	00101000
11110000	11101100	00000000	00000001	00000000	00101000
<\HBIN2E3-HR>



****************************************************************************************
1MHz 14 bit conventional amplifier starts here. 

SIIBSSSS 	SSI-ISR- 	--H-A-D- 	HC-RR--M 	--F----F 	SSR-C-P-
441 PPPP     	123 23S  	  V M M  	VG 31  U 	  I    R 	CC2 G X
    3210     	      T  	  F P P  	R3     X 	  R    A 	23  2 L

<HS2E1-HR>	
11100001	11101110	00000000	00001001	00000000	10001000
11100001	11101110	00000000	00001001	00000000	10001000
11100001	11101110	00000000	00001001	00000000	10001000
11100001	11101110	00000000	00001001	00000000	10001000
11100001	11101110	00000000	00001001	00000000	10001000
11100001	11101100	00000000	00011001	00000000	10001000
11100001	11101100	00000000	00010001	00000000	10001000
11100001	11101100	00000000	00010001	00000000	10000000
11100001	11101100	00000000	00010001	00000000	10000000
11100001	11101100	00000000	00010001	00000000	00000000
11100001	11101100	00000000	00010001	00000000	00000000
11100001	11101100	00000000	00010001	00000000	00001000
11100100	11101100	00000000	00000001	00000000	00101000
11100010	11101100	00000000	00000001	00000000	00101000
11100001	11101100	00000000	00000001	00000000	00101000
11110001	11101100	00000000	00000001	00000000	10101000
<\HS2E1-HR>					
					
<HS-EXP2E1-HR>	
11100001	11101110	00000000	00001001	00000000	10001000
11100001	11101110	00000000	00001001	00000000	10001000
11100001	11101110	00000000	00001001	00000000	10001000
11100001	11101110	00000000	00001001	00000000	10001000
11100001	11101110	00000000	00001001	00000000	10001000
11100001	11101100	00000000	00011001	00000000	10001000
11100001	11101100	00000000	00010001	00000000	10001000
11100001	11101100	00000000	00010001	00000000	10000000
11100001	11101100	00000000	00010001	00000000	10000000
11100001	11101100	00000000	00010001	00000000	00000000
11100001	11101100	00000000	00010001	00000000	00000000
11100001	11101100	00000000	00010001	00000000	00001000
11100100	11101100	00000000	00000001	00000000	00101000
11100010	11101100	00000000	00000001	00000000	00101000
11100001	11101100	00000000	00000001	00000000	00101000
11110001	11101100	00000000	00000001	00000000	10101000
<\HS-EXP2E1-HR>				
SIIBSSSS 	SSI-ISR- 	--H-A-D- 	HC-RR--M 	--F----F 	SSR-C-P-
441 PPPP     	123 23S  	  V M M  	VG 31  U 	  I    R 	CC2 G X
    3210     	      T  	  F P P  	R3     X 	  R    A 	23  2 L

<HS-rd-clk2E1-HR>	
11100001	11101110	00000000	00001001	00000000	10001000
11100001	11101110	00000000	00001001	00000000	10001000
11100001	11101110	00000000	00001001	00000000	10001000
11100001	11101110	00000000	00001001	00000000	10001000
11100001	11101110	00000000	00001001	00000000	10001000
11100001	11101100	00000000	00011001	00000000	10001010
11100001	11101100	00000000	00010001	00000000	10001000
11100001	11101100	00000000	00010001	00000000	10000000
11100001	11101100	00000000	00010001	00000000	10000000
11100001	11101100	00000000	00010001	00000000	00000000
11100001	11101100	00000000	00010001	00000000	00000000
11100001	11101100	00000000	00010001	00000000	00001000
11100100	11101100	00000000	00000001	00000000	00101000
11100010	11101100	00000000	00000001	00000000	00101000
11100001	11101100	00000000	00000001	00000000	00101000
11110001	11101100	00000000	00000001	00000000	10101000
<\HS-rd-clk2E1-HR>

<HS-rd2E1-HR>
11100001	11101110	00000000	00001001	00000000	10001000
11100001	11101110	00000000	00001001	00000000	10001000
11100001	11101110	00000000	00001001	00000000	10001000
11100001	11101110	00000000	00001001	00000000	10001000
11100001	11101110	00000000	00001001	00000000	10001000
11100001	11101100	00000000	00011001	00000000	10001000
11100001	11101100	00000000	00010001	00000000	10001000
11100001	11101100	00000000	00010001	00000000	10000000
11100001	11101100	00000000	00010001	00000000	10000000
11100001	11101100	00000000	00010001	00000000	00000000
11100001	11101100	00000000	00010001	00000000	00000000
11100001	11101100	00000000	00010001	00000000	00001000
11100100	11101100	00000000	00000001	00000000	00101000
11100010	11101100	00000000	00000001	00000000	00101000
11100001	11101100	00000000	00000001	00000000	00101000
11110001	11101100	00000000	00000001	00000000	10101000
<\HS-rd2E1-HR>

<HS-amp-rst2E1-HR>
11100001	11101110	00000000	00001001	00000000	10001000
11100001	11101110	00000000	00001001	00000000	10001000
11100001	11101110	00000000	00001001	00000000	10001000
11100001	11101110	00000000	00001001	00000000	10001000
11100001	11101110	00000000	00001001	00000000	10001000
11100001	11101100	00001000	00011001	00000000	10001000
11100001	11101100	00001000	00010001	00000000	10001000
11100001	11101100	00001000	00010001	00000000	10000000
11100001	11101100	00000000	00010001	00000000	10000000
11100001	11101100	00000000	00010001	00000000	00000000
11100001	11101100	00000000	00010001	00000000	00000000
11100001	11101100	00000000	00010001	00000000	00001000
11100100	11101100	00000000	00000001	00000000	00101000
11100010	11101100	00000000	00000001	00000000	00101000
11100001	11101100	00000000	00000001	00000000	00101000
11110001	11101100	00000000	00000001	00000000	10101000
<\HS-amp-rst2E1-HR>			

<HBIN2E1-HR>					
11100001	11101100	00000000	00001001	00000000	00001000
11100001	11101100	00000000	00001001	00000000	00001000
11100001	11101100	00000000	00001001	00000000	00001000
11100001	11101100	00000000	00001001	00000000	00001000
11100001	11101100	00000000	00001001	00000000	00001000
11100001	11101100	00000000	00011001	00000000	00001000
11100001	11101100	00000000	00010001	00000000	00001000
11100001	11101100	00000000	00010001	00000000	00001000
11100001	11101100	00000000	00010001	00000000	00001000
11100001	11101100	00000000	00010001	00000000	00001000
11100001	11101100	00000000	00010001	00000000	00001000
11100001	11101100	00000000	00010001	00000000	00001000
11100100	11101100	00000000	00000001	00000000	00101000
11100010	11101100	00000000	00000001	00000000	00101000
11100001	11101100	00000000	00000001	00000000	00101000
11110001	11101100	00000000	00000001	00000000	00101000
<\HBIN2E1-HR>

*******************************************************************************************


****************************************************************************************
EXT Trigger starts here.

SIIBSSSS 	SSI-ISR- 	--H-A-D- 	HC-RR--M 	--F----F 	SSR-C-P-
441 PPPP     	123 23S  	  V M M  	VG 31  U 	  I    R 	CC2 G X
    3210     	      T  	  F P P  	R3     X 	  R    A 	23  2 L
<ET-KC>				
11100000	11101100	00000000	00001001	00000000	00100000
11100000	11101100	00000000	00001001	00000000	00100000
11100000	11101100	00000000	00001001	00000000	00100000
11110000	11101100	00000000	00001001	00000000	00100000
11000111	00100110	00000000	00001001	00000000	00100000
11000111	00000010	00000000	00001001	00000000	00100000
11100111	10000010	00000000	00001001	00000000	00100000
00100111	10000000	00000000	00001001	00000000	00100000
00100111	11001000	00000000	00001001	00000000	00100000
00000111	01001000	00000000	00001001	00000000	00100000
00000111	01101100	00000000	00001001	00000000	00100000
11110111	11101100	00000000	00001001	00000000	00100000
11100000	11101100	00000000	00001001	00000000	00100000
11100000	11101100	00000000	00001001	00000000	00100000
11100000	11101100	00000000	00001001	00000000	00100000
11110000	11101100	00000000	00001001	00000000	00100000
11100000	11101110	00000000	10000001	00000000	10101000
11100000	11101110	00000000	00000001	00000000	10101000
11100000	11101100	00100000	00010001	00000000	00001000
11100000	11101100	00100000	00010001	00000000	00000000
11100000	11101100	00100000	00010001	00000000	00000000
11100000	11101100	00000000	00001001	00000000	00000000
11100000	11101100	00000000	00001001	00000000	00001000
11110000	11101100	00000000	10001001	00000000	00001000
<\ET-KC>				