2 phase device with I1=I2, I3=I4, S1=S2, S3=S4
Full IMO pattern.
Important for horz clks to have 90% overlap, if not done in pattern then in verniers.
PDT is used to generate delay for better hole transport in BIs (set to min for FI).
VS-st and VS-all are the same (non-FT).
Turning off horz clocks during exposure at higher speeds to
stop 'background dark signal' and 'glow'.

SIIB---- 	SSI-ISR- 	-PF-AD-- 	RC-RR--M 	D-FD---F 	SSR-C-P-
441      	123 23S  	 E  MS   	 D 31  U 	S IS   R 	CC2 T X
		      T		 N  PR		 S		P RN   A	    G L
<VS-st>
00000000	10000010	00001000	01001001	00000000	00101000
00000000	10000010	00001000	01001001	00000000	10101000
00000000	11000010	00001000	01001001	00000000	00101000
00000000	01000010	00001000	01001001	00000000	10101000
00000000	01000110	00001000	01001001	00000000	00101000
00000000	00000110	00001000	01001001	00000000	10101000
00010000	00000110	00001000	01001001	00000000	00101000
<\VS-st>					

					
<VS-all>	
00100000	10000010	00001000	01001001	00000000	00101000
00100000	10000010	00001000	01001001	00000000	10101000
00100000	11001010	00001000	01001001	00000000	00101000
00000000	01001010	00001000	01001001	00000000	10101000
00000000	01101110	00001000	01001001	00000000	00101000
00000000	00100110	00001000	01001001	00000000	10101000
00010000	00100110	00001000	01001001	00000000	00101000
<\VS-all>				

<PDT>
00001001	00000000	00001000	01001001	00000000	00101000
00000000	00000000	00001000	01001001	00000000	10101000
00000000	00000000	00001000	01001001	00000000	00101000
00010000	00000000	00001000	01001001	00000000	10101000
<\PDT>

<HV>					
00000101	00000010	00000000	00001001	00000000	00000000
00000001	00000000	00001000	01001001	00000000	00000000
00000100	00000000	00001000	01001001	00000000	00000000
00010100	00000000	00001000	00001001	00000000	00100000
<\HV>

<VH>					
00000101	00000010	00000000	00000001	00000000	00100000
00000001	00000000	00001000	01010001	00000000	00100000
00000100	00000000	00001000	01010001	00000000	00000000
00010001	00000000	00001000	00011001	00000000	00000000
<\VH>					

****************************************************************************************
50KHz Starts Here


<HS3G0.05>	
00001001	00000000	00000000	00001000	10000000	00000000
00001001	00000000	01000000	01001000	00000000	00000000
00000001	00000010	00000000	11001000	00000000	00100000
00000100	00000010	00000000	01000000	00000000	00100000
00000100	00000000	00000000	01000000	00000000	00100000
00000001	00000000	00100000	01010000	00000000	00100000
00000101	00000000	00001000	01010000	00000000	00000000
00000100	00000000	00000100	00010000	00000000	00000000
00011001	00000000	00000000	00010000	00010000	00000000
00010001	00000000	00000000	00011000	00000000	00000000
<\HS3G0.05>

<HS-exp3G0.05>					
00001001	00000000	00000000	00001000	10000000	00000000
00001001	00000000	01000000	01001000	00000000	00000000
00000001	00000010	00000000	11001000	00000000	00100000
00000100	00000010	00000000	01000000	00000000	00100000
00000100	00000000	00000000	01000000	00000000	00100000
00000001	00000000	00100000	01010000	00000000	00100000
00000101	00000000	00001000	01010000	00000000	00000000
00000100	00000000	00000100	00010000	00000000	00000000
00011001	00000000	00000000	00010000	00010000	00000000
00010001	00000000	00000000	00011000	00000000	00000000
<\HS-exp3G0.05>				
					
SIIB---- 	SSI-ISR- 	-PF-AD-- 	RC-RR--M 	D-FD---F 	SSR-C-P-
441      	123 23S  	 E  MS   	 D 31  U 	S IS   R 	CC2 T X
		      T		 N  PR		 S		P RN   A	    G L
<HS-rd-clk3G0.05>					
00001001	00000000	00000000	00001000	10000000	00000000
00001001	00000000	01000000	01001000	00000000	00000010
00000001	00000010	00000000	11001000	00000000	00100000
00000100	00000010	00000000	01000000	00000000	00100000
00000100	00000000	00000000	01000000	00000000	00100000
00000001	00000000	00100000	01010000	00000000	00100000
00000101	00000000	00001000	01010000	00000000	00000000
00000100	00000000	00000100	00010000	00000000	00000000
00011001	00000000	00000000	00010000	00010000	00000000
00010001	00000000	00000000	00011000	00000000	00000000
<\HS-rd-clk3G0.05>		
					
<HS-rd3G0.05>				
00001001	00000000	00000000	00001000	10000000	00000000
00001001	00000000	01000000	01001000	00000000	00000000
00000001	00000010	00000000	11001000	00000000	00100000
00000100	00000010	00000000	01000000	00000000	00100000
00000100	00000000	00000000	01000000	00000000	00100000
00000001	00000000	00100000	01010000	00000000	00100000
00000101	00000000	00001000	01010000	00000000	00000000
00000100	00000000	00000100	00010000	00000000	00000000
00011001	00000000	00000000	00010000	00010000	00000000
00010001	00000000	00000000	00011000	00000000	00000000
<\HS-rd3G0.05>				

<HS-amp-rst3G0.05>				
00001001	00000000	00000000	00001000	10000000	00000000
00001001	00000000	01000000	01001000	00000000	00000000
00000001	00000010	00000000	11001000	00000000	00100000
00000100	00000010	00000000	01000000	00000000	00100000
00000100	00000000	00000000	01000000	00000000	00100000
00000001	00000000	00100000	01010000	00000000	00100000
00000101	00000000	00001000	01010000	00000000	00000000
00000100	00000000	00000100	00010000	00000000	00000000
00001001	00000000	00000000	00010000	00010000	00000000
00010001	00000000	00000000	00011000	00000000	00000000
<\HS-amp-rst3G0.05>				

<HBIN3G0.05>					
00000000	00000000	00000000	00001000	00000000	00000000
00000000	00000000	00000000	00001000	00000000	00100000
00000001	00000000	00000000	00000000	00000000	00100000
00000000	00000000	00000000	00010000	00000000	00100000
00000000	00000000	00000000	00010000	00000000	00000000
00010001	00000000	00000000	00010000	00000000	00000000
<\HBIN3G0.05>

****************************************************************************************
END OF FILE
