SIIB---- 	SSI-ISR- 	--F-A--- 	R--RR--M 	--F----F 	SSR-C-P-
441      	123 23S  	    M    	   31  U 	  I    R 	CC2 T X
         	      T  	    P    	       X 	  R    A 	51  G L
<VS-st>
00100000	00001010	00100000	00001001	00000000	00101000
00100000	00001010	00000000	00001001	00000000	00101000
01100000	00101010	00000000	10001001	00000000	00101000
01100000	00101010	00000000	00001001	00000000	00101000
01000000	00100010	00100000	00001001	00000000	00101000
01010000	00100010	00000000	00001001	00000000	00101000
<\VS-st>					
					
<VS-all>	
00100000	00001010	00100000	00001001	00000000	00101000
00100000	00001010	00000000	00001001	00000000	00101000
01100000	00101010	00000000	10001001	00000000	00101000
01100000	00101010	00000000	00001001	00000000	00101000
01000000	00100010	00100000	00001001	00000000	00101000
01010000	00100010	00000000	00001001	00000000	00101000
<\VS-all>				

<PDT>
00001001	00000000	00000000	00001001	00000000	00101000
00000000	00000000	00000000	00001001	00000000	00101000
00000000	00000000	00000000	00001001	00000000	00101000
00010000	00000000	00000000	00001001	00000000	00101000
<\PDT>

<HV>					
00000000	00000000	00000000	00001001	00000000	00101000
00000000	00000000	00000000	00001001	00000000	00101000
00000000	00000000	00000000	00001001	00000000	00101000
00010000	00000000	00000000	00001001	00000000	00101000
<\HV>

<VH>					
00000000	00000000	00000000	00001001	00000000	00101000
00000000	00000000	00000000	00001001	00000000	00101000
00000000	00000000	00000000	00001001	00000000	00101000
00010000	00000000	00000000	00001001	00000000	00101000
<\VH>					

<HS4F3>	
00000000	00000010	00000000	00001001	00000000	00101000
00000000	00000010	00000000	00000001	00000000	00101000
00000000	00000000	00100000	00010001	00000000	00101000
00000000	00000000	00000000	01010001	00000000	00001000
00000000	00000000	01000000	01010001	00000000	00000000
00000000	00000000	01000000	01010001	00000000	00000000
00000000	00000000	00000000	01010001	00000000	00000000
00000000	00000000	00000000	01010001	00000000	00000000
00000000	00000000	00000000	00001001	00000000	10001000
00000000	00000000	00000000	00001001	00000000	10001000
00000000	00000000	00000000	00001001	00000000	10001000
00000000	00000000	00000000	00001001	00000000	10001000
00000000	00000000	00000000	00001001	00000000	10001000
00010000	00000000	00000000	10001001	00000000	10001000
<\HS4F3>

<HS-exp4F3>					
00000000	00000010	00000000	00001001	00000000	00101000
00000000	00000010	00000000	00000001	00000000	00101000
00000000	00000000	00100000	00010001	00000000	00101000
00000000	00000000	00000000	01010001	00000000	00001000
00000000	00000000	01000000	01010001	00000000	00000000
00000000	00000000	01000000	01010001	00000000	00000000
00000000	00000000	00000000	01010001	00000000	00000000
00000000	00000000	00000000	01010001	00000000	00000000
00000000	00000000	00000000	00001001	00000000	10001000
00000000	00000000	00000000	00001001	00000000	10001000
00000000	00000000	00000000	00001001	00000000	10001000
00000000	00000000	00000000	00001001	00000000	10001000
00000000	00000000	00000000	00001001	00000000	10001000
00010000	00000000	00000000	10001001	00000000	10001000
<\HS-exp4F3>				
					
<HS-rd-clk4F3>
00000000	00000010	00000000	00001001	00000000	00101000
00000000	00000010	00000000	00000001	00000000	00101000
00000000	00000000	00100000	00010001	00000000	00101000
00000000	00000000	00000000	00010001	00000000	00001000
00000000	00000000	01000000	00010001	00000000	00000010
00000000	00000000	01000000	01010001	00000000	00000010
00000000	00000000	00000000	01010001	00000000	00000000
00000000	00000000	00000000	01010001	00000000	00000000
00000000	00000000	00000000	00001001	00000000	10001000
00000000	00000000	00000000	00001001	00000000	10001000
00000000	00000000	00000000	00001001	00000000	10001000
00000000	00000000	00000000	00001001	00000000	10001000
00000000	00000000	00000000	00001001	00000000	10001000
00010000	00000000	00000000	10001001	00000000	10001000
<\HS-rd-clk4F3>	
					
<HS-rd4F3>				
00000000	00000010	00000000	00001001	00000000	00101000
00000000	00000010	00000000	00000001	00000000	00101000
00000000	00000000	00100000	00010001	00000000	00101000
00000000	00000000	00000000	01010001	00000000	00001000
00000000	00000000	01000000	01010001	00000000	00000000
00000000	00000000	01000000	01010001	00000000	00000000
00000000	00000000	00000000	01010001	00000000	00000000
00000000	00000000	00000000	01010001	00000000	00000000
00000000	00000000	00000000	00001001	00000000	10001000
00000000	00000000	00000000	00001001	00000000	10001000
00000000	00000000	00000000	00001001	00000000	10001000
00000000	00000000	00000000	00001001	00000000	10001000
00000000	00000000	00000000	00001001	00000000	10001000
00010000	00000000	00000000	10001001	00000000	10001000
<\HS-rd4F3>				

<HS-amp-rst4F3>				
00000000	00000010	00000000	00001001	00000000	00101000
00000000	00000010	00000000	00000001	00000000	00101000
00000000	00000000	00100000	00010001	00000000	00101000
00000000	00000000	00000000	01010001	00000000	00001000
00000000	00000000	01001000	01010001	00000000	00000000
00000000	00000000	01001000	01010001	00000000	00000000
00000000	00000000	00001000	01010001	00000000	00000000
00000000	00000000	00001000	01010001	00000000	00000000
00000000	00000000	00000000	00001001	00000000	10001000
00000000	00000000	00000000	00001001	00000000	10001000
00000000	00000000	00000000	00001001	00000000	10001000
00000000	00000000	00000000	00001001	00000000	10001000
00000000	00000000	00000000	00001001	00000000	10001000
00010000	00000000	00000000	10001001	00000000	10001000
<\HS-amp-rst4F3>				

<HBIN4F3>					
00000011	00000000	00000000	00001000	00000000	00000000
00000011	00000000	00000000	00000000	00000000	00100000
00010011	00000000	00000000	00010000	00000000	00000000
<\HBIN4F3>	

<ET-KC>				
00100111	11001000	00100000	00010001	00000000	00001000
00100111	11001000	00100000	00010001	00000000	00001000
00100111	11001000	00100000	00010001	00000000	00001000
00110111	11001000	00100000	00010001	00000000	00001000
00100111	10000010	00001000	00001001	00000000	00101000
00100111	10000010	00001000	00001001	00000000	00101000
00100111	10000010	00001000	00001001	00000000	00101000
00000111	01001000	00001000	00001001	00000000	00101000
00000111	01001000	00000000	00001001	00000000	00101000
00000111	01001000	00000000	00001001	00000000	00101000
00000111	01001000	00000000	00001001	00000000	00101000
00110111	11001000	00000000	00001001	00000000	00101000
00100111	11001010	00000000	10000001	00000000	00101000
00100111	11001010	00000000	00000001	00000000	00101000
00100111	11001000	00100000	00010001	00000000	00001000
00110111	11001000	00100000	00010001	00000000	00001000
00100000	11001010	00000000	10000001	00000000	10101000
00100000	11001010	00000000	00000001	00000000	10101000
00100000	11001000	00100000	00010001	00000000	00001000
00100000	11001000	00100000	00010001	00000000	00000000
00100000	11001000	00100000	00010001	00000000	00000000
00100000	11001000	00000000	00001001	00000000	00000000
00100000	11001000	00000000	00001001	00000000	00001000
00110000	11001000	00000000	10001001	00000000	00001000
<\ET-KC>				