CCD-4710 PATTERNS (50kHz)
-----------------


Turning off horz clocks during exposure at higher speeds to
stop 'background dark signal' and 'glow'.

SIIB---- 	SSI-ISR- 	-PF-AD-- 	RC-RR--M 	D-FD---F 	SSR-C-P-
441      	123 23S  	 E  MS   	 D 31  U 	S IS   R 	CC2 T X
		      T		 N  PR		 S		P RN   A	    G L
<VS-st>
00100000	00100010	00001000	01001000	00000000	00100000
00100000	00000010	00001000	01001000	00000000	00100000
00100000	00001010	00001000	01001000	00000000	00100000
00000000	00001010	00001000	01001000	00000000	00100000
00000000	00101010	00001000	01001000	00000000	00100000
00000000	00100010	00001000	01001000	00000000	00100000
00010000	00100010	00001000	01001000	00000000	00100000
<\VS-st>					
					
<VS-all>	
00100000	00100010	00001000	01001000	00000000	00100000
00100000	00000010	00001000	01001000	00000000	00100000
00100000	00001010	00001000	01001000	00000000	00100000
00000000	00001010	00001000	01001000	00000000	00100000
00000000	00101010	00001000	01001000	00000000	00100000
00000000	00100010	00001000	01001000	00000000	00100000
00010000	00100010	00001000	01001000	00000000	00100000
<\VS-all>	

<PDT>
00001001	00000000	00001000	01001000	00000000	00100000
00000000	00000000	00001000	01001000	00000000	00100000
00000000	00000000	00001000	01001000	00000000	00100000
00010000	00000000	00001000	01001000	00000000	00100000
<\PDT>

<HV>					
00000000	00000000	00000000	00001001	00000000	00101000
00000000	00000000	00000000	00001001	00000000	00101000
00000000	00000000	00000000	00001001	00000000	00101000
00010000	00000000	00000000	00001001	00000000	00101000
<\HV>

<VH>					
00000000	00000000	00000000	00001001	00000000	00101000
00000000	00000000	00000000	00001001	00000000	00101000
00000000	00000000	00000000	00001001	00000000	00101000
00010100	00000000	00000000	00001001	00000000	00101000
<\VH>						

****************************************************************************************
50KHz Starts Here


<HS3G0.05>	
00001001	00000000	00000000	00001000	10000000	00000000
00001001	00000000	01000000	01001000	00000000	00000000
00000001	00000010	00000000	11001000	00000000	00100000
00000100	00000010	00000000	01000000	00000000	00100000
00000100	00000000	00000000	01000000	00000000	00100000
00000001	00000000	00100000	01010000	00000000	00100000
00000101	00000000	00001000	01010000	00000000	00000000
00000100	00000000	00000100	00010000	00000000	00000000
00001001	00000000	00000000	00010000	00010000	00000000
00010001	00000000	00000000	00011000	00000000	00000000
<\HS3G0.05>

<HS-exp3G0.05>					
00001001	00000000	00000000	00001000	10000000	00100000
00001001	00000000	01000000	01001000	00000000	00100000
00000001	00000010	00000000	11001000	00000000	00100000
00000100	00000010	00000000	01001000	00000000	00100000
00000100	00000000	00000000	01001000	00000000	00100000
00000001	00000000	00100000	01001000	00000000	00100000
00000101	00000000	00001000	01001000	00000000	00100000
00000100	00000000	00000100	00001000	00000000	00100000
00001001	00000000	00000000	00001000	00010000	00100000
00010001	00000000	00000000	00001000	00000000	00100000
<\HS-exp3G0.05>				
					
SIIB---- 	SSI-ISR- 	-PF-AD-- 	RC-RR--M 	D-FD---F 	SSR-C-P-
441      	123 23S  	 E  MS   	 D 31  U 	S IS   R 	CC2 T X
		      T		 N  PR		 S		P RN   A	    G L
<HS-rd-clk3G0.05>					
00001001	00000000	00000000	00001000	10000000	00000000
00001001	00000000	01000000	01001000	00000000	00000010
00000001	00000010	00000000	11001000	00000000	00100000
00000100	00000010	00000000	01000000	00000000	00100000
00000100	00000000	00000000	01000000	00000000	00100000
00000001	00000000	00100000	01010000	00000000	00100000
00000101	00000000	00001000	01010000	00000000	00000000
00000100	00000000	00000100	00010000	00000000	00000000
00001001	00000000	00000000	00010000	00010000	00000000
00010001	00000000	00000000	00011000	00000000	00000000
<\HS-rd-clk3G0.05>		
					
<HS-rd3G0.05>				
00001001	00000000	00000000	00001000	10000000	00000000
00001001	00000000	01000000	01001000	00000000	00000000
00000001	00000010	00000000	11001000	00000000	00100000
00000100	00000010	00000000	01000000	00000000	00100000
00000100	00000000	00000000	01000000	00000000	00100000
00000001	00000000	00100000	01010000	00000000	00100000
00000101	00000000	00001000	01010000	00000000	00000000
00000100	00000000	00000100	00010000	00000000	00000000
00001001	00000000	00000000	00010000	00010000	00000000
00010001	00000000	00000000	00011000	00000000	00000000
<\HS-rd3G0.05>				

<HS-amp-rst3G0.05>				
00001001	00000000	00000000	00001000	10000000	00000000
00001001	00000000	01000000	01001000	00000000	00000000
00000001	00000010	00000000	11001000	00000000	00100000
00000100	00000010	00000000	01000000	00000000	00100000
00000100	00000000	00000000	01000000	00000000	00100000
00000001	00000000	00100000	01010000	00000000	00100000
00000101	00000000	00001000	01010000	00000000	00000000
00000100	00000000	00000100	00010000	00000000	00000000
00001001	00000000	00000000	00010000	00010000	00000000
00010001	00000000	00000000	00011000	00000000	00000000
<\HS-amp-rst3G0.05>				

<HBIN3G0.05>					
00000000	00000000	00000000	00001000	00000000	00000000
00000000	00000000	00000000	00001000	00000000	00100000
00000001	00000000	00000000	00000000	00000000	00100000
00000000	00000000	00000000	00010000	00000000	00100000
00000000	00000000	00000000	00010000	00000000	00000000
00010001	00000000	00000000	00011000	00000000	00000000
<\HBIN3G0.05>

****************************************************************************************
END OF FILE
