P03B97_2E.txt
Modified VS-st and VS-all to be 2 phase with I1=I2, I3=I4, S1=S2, S3=S4
For iXon 97BI (10/5/3/1 MHz with Datel 1410).
Non IMO clocking during readout to get well depth.
PDT is used to generate delay for better hole transport.

SIIBSSSS 	SSI-ISR- 	--H-A-D- 	HC-RR--M 	--F----F 	SSR-C-P-
441 PPPP     	123 23S  	  V M M  	VG 31  U 	  I    R 	CC2 G X
    3210     	      T  	  F P P  	R3     X 	  R    A 	23  2 L
<VS-st>
11000000	00100110	00000000	00001001	00000000	00101000
11000000	00100110	00000000	00001001	00000000	00101000	
01000000	00100010	00000000	00001001	00000000	00101000
01000000	11100010	00000000	00001001	00000000	00101000	
01000000	11100010	00000000	00001001	00000000	00101000
01000000	11100010	00000000	00001001	00000000	00101000
01000000	00100010	00000000	00001001	00000000	00101000
11010000	00100110	00000000	00001001	00000000	00101000
<\VS-st>

<VS-all>
11000000	00100110	00100000	00001001	00000000	00101000
11000000	00100110	00000000	00001001	00000000	00101000
00000000	00000010	00000000	10001001	00000000	00101000
00100000	11001010	00000000	00001001	00000000	00101000
00100000	11001010	00100000	00001001	00000000	00101000
00100000	11001010	00000000	00001001	00000000	00101000
00000000	00000010	00000000	10001001	00000000	00101000
11010000	00100110	00000000	00001001	00000000	00101000
<\VS-all>

<PDT>
11001001	00100100	00000000	00001001	00000000	00101000
11000000	00100100	00000000	00001001	00000000	00101000
11000000	00100100	00000000	00001001	00000000	00101000
11010000	00100100	00000000	00001001	00000000	00101000
<\PDT>

<VH>
11000000	00100100	00000000	00001001	00000000	00101000
11000000	00100100	00000000	00001001	00000000	00101000
11000000	00100100	00000000	00001001	00000000	00101000
11010000	00100100	00000000	00001001	00000000	00101000
<\VH>

<HV>
11000000	00100100	00000000	00001001	00000000	00101000
11000000	00100100	00000000	00001001	00000000	00101000
11000000	00100100	00000000	00001001	00000000	00101000
11010000	00100100	00000000	00001001	00000000	00101000
<\HV>

****************************************************************************************
10MHz EM starts here.

SIIBSSSS 	SSI-ISR- 	--H-A-D- 	HC-RR--M 	--F----F 	SSR-C-P-
441 PPPP     	123 23S  	  V M M  	VG 31  U 	  I    R 	CC2 G X
    3210     	      T  	  F P P  	R3     X 	  R    A 	23  2 L
<HS2E10>
11000000	00100110	00000000	00000001	00000000	10101000
11000000	00100100	00100000	00010001	00000000	10000000
11000000	00100100	00000000	10001001	00000000	00000000
11010000	00100100	00000000	00001001	00000000	00101000
<\HS2E10>

<HS-EXP2E10>
11100000	11101110	00000000	00000001	00000000	10101000
11100000	11101100	00101000	00010001	00000000	10000000
11100000	11101100	00000000	10001001	00000000	00000000
11110000	11101100	00000000	00001001	00000000	00101000
<\HS-EXP2E10>

<HS-rd-clk2E10>
11000000	00100110	00000000	00000001	00000000	10101000
11000000	00100100	00100000	00010001	00000000	10000000
11000000	00100100	00000000	10001001	00000000	00000000
11010000	00100100	00000000	00001001	00000000	00101010
<\HS-rd-clk2E10>

<HS-rd2E10>
11000000	00100110	00000000	00000001	00000000	10101000
11000000	00100100	00100000	00010001	00000000	10000000
11000000	00100100	00000000	10001001	00000000	00000000
11010000	00100100	00000000	00001001	00000000	00101000
<\HS-rd2E10>

<HS-amp-rst2E10>
11000000	00100110	00000000	00000001	00000000	10101000
11000000	00100100	00101000	00010001	00000000	10000000
11000000	00100100	00000000	10001001	00000000	00000000
11010000	00100100	00000000	00001001	00000000	00101000
<\HS-amp-rst2E10>

<HBIN2E10>
11000000	00100100	00000000	00000001	00000000	00101000
11000000	00100100	00100000	00010001	00000000	00001000
11000000	00100100	00000000	10001001	00000000	00001000
11010000	00100100	00000000	00001001	00000000	00101000
<\HBIN2E10>


****************************************************************************************
5MHz EM starts here.

SIIBSSSS 	SSI-ISR- 	--H-A-D- 	HC-RR--M 	--F----F 	SSR-C-P-
441 PPPP     	123 23S  	  V M M  	VG 31  U 	  I    R 	CC2 G X
    3210     	      T  	  F P P  	R3     X 	  R    A 	23  2 L
<HS2E5>
11000000	00100110	00000000	00001001	00000000	10101000
11000000	00100110	00000000	00000001	00000000	10101000
11000000	00100100	00100000	00010001	00000000	00101000
11000000	00100100	00000000	00010001	00000000	00001000
11000000	00100100	00000000	00010001	00000000	00000000
11000000	00100100	00000000	10001001	00000000	00000000
11000000	00100100	00000000	00001001	00000000	00001000
11010000	00100100	00000000	00001001	00000000	00001000
<\HS2E5>

<HS-exp2E5>
11100000	11101110	00000000	00001001	00000000	10101000
11100000	11101110	00000000	00000001	00000000	10101000
11100000	11101100	00100000	00010001	00000000	00101000
11100000	11101100	00001000	00010001	00000000	00001000
11100000	11101100	00000000	00010001	00000000	00000000
11100000	11101100	00000000	10001001	00000000	00000000
11100000	11101100	00000000	00001001	00000000	00001000
11110000	11101100	00000000	00001001	00000000	00001000
<\HS-exp2E5>

<HS-rd-clk2E5>
11000000	00100110	00000000	00001001	00000000	10101000
11000000	00100110	00000000	00000001	00000000	10101000
11000000	00100100	00100000	00010001	00000000	00101000
11000000	00100100	00000000	00010001	00000000	00001010
11000000	00100100	00000000	00010001	00000000	00000000
11000000	00100100	00000000	10001001	00000000	00000000
11000000	00100100	00000000	00001001	00000000	00001000
11010000	00100100	00000000	00001001	00000000	00001000
<\HS-rd-clk2E5>

SIIBSSSS 	SSI-ISR- 	--H-A-D- 	HC-RR--M 	--F----F 	SSR-C-P-
441 PPPP     	123 23S  	  V M M  	VG 31  U 	  I    R 	CC2 G X
    3210     	      T  	  F P P  	R3     X 	  R    A 	23  2 L
<HS-rd2E5>
11000000	00100110	00000000	00001001	00000000	10101000
11000000	00100110	00000000	00000001	00000000	10101000
11000000	00100100	00100000	00010001	00000000	00101000
11000000	00100100	00000000	00010001	00000000	00001000
11000000	00100100	00000000	00010001	00000000	00000000
11000000	00100100	00000000	10001001	00000000	00000000
11000000	00100100	00000000	00001001	00000000	00001000
11010000	00100100	00000000	00001001	00000000	00001000
<\HS-rd2E5>

<HS-amp-rst2E5>
11000000	00100110	00000000	00001001	00000000	10101000
11000000	00100110	00000000	00000001	00000000	10101000
11000000	00100100	00100000	00010001	00000000	00101000
11000000	00100100	00001000	00010001	00000000	00001000
11000000	00100100	00000000	00010001	00000000	00000000
11000000	00100100	00000000	10001001	00000000	00000000
11000000	00100100	00000000	00001001	00000000	00001000
11010000	00100100	00000000	00001001	00000000	00001000
<\HS-amp-rst2E5>

<HBIN2E5>
11000000	00100100	00000000	00001001	00000000	00101000
11000000	00100100	00000000	00000001	00000000	00101000
11000000	00100100	00100000	00010001	00000000	00101000
11000000	00100100	00000000	00010001	00000000	00001000
11000000	00100100	00000000	00010001	00000000	00001000
11000000	00100100	00000000	10001001	00000000	00001000
11000000	00100100	00000000	00001001	00000000	00001000
11010000	00100100	00000000	00001001	00000000	00001000
<\HBIN2E5>


****************************************************************************************
3MHz EM starts here (really 2.857143MHz).

SIIBSSSS 	SSI-ISR- 	--H-A-D- 	HC-RR--M 	--F----F 	SSR-C-P-
441 PPPP     	123 23S  	  V M M  	VG 31  U 	  I    R 	CC2 G X
    3210     	      T  	  F P P  	R3     X 	  R    A 	23  2 L
<HS2E3>
11000000	00100110	00000000	00001001	00000000	10101000
11000000	00100110	00000000	00000001	00000000	10101000
11000000	00100100	00100000	00010001	00000000	00101000
11000000	00100100	00000000	00010001	00000000	00001000
11000000	00100100	00000000	00010001	00000000	00000000
11000000	00100100	00000000	00010001	00000000	00000000
11000000	00100100	00000000	00010001	00000000	00000000
11000000	00100100	00000000	00010001	00000000	00000000
11000000	00100100	00000000	10001001	00000000	00001000
11000000	00100100	00000000	00001001	00000000	00001000
11000000	00100100	00000000	00001001	00000000	00001000
11000000	00100100	00000000	00001001	00000000	00001000
11000000	00100100	00000000	00001001	00000000	00001000
11010000	00100100	00000000	00001001	00000000	00001000
<\HS2E3>

SIIBSSSS 	SSI-ISR- 	--H-A-D- 	HC-RR--M 	--F----F 	SSR-C-P-
441 PPPP     	123 23S  	  V M M  	VG 31  U 	  I    R 	CC2 G X
    3210     	      T  	  F P P  	R3     X 	  R    A 	23  2 L
Padded for making exposure time in packets of 500ns
<HS-EXP2E3>
11100000	11101110	00000000	00001001	00000000	10101000
11100000	11101110	00000000	00000001	00000000	10101000
11100000	11101100	00100000	00010001	00000000	00101000
11100000	11101100	00001000	00010001	00000000	00001000
11100000	11101100	00001000	00010001	00000000	00000000
11100000	11101100	00001000	00010001	00000000	00000000
11100000	11101100	00001000	00010001	00000000	00000000
11100000	11101100	00000000	00010001	00000000	00000000
11100000	11101100	00000000	10001001	00000000	00001000
11100000	11101100	00000000	00001001	00000000	00001000
11100010	11101100	00000000	00001001	00000000	00001000
11100010	11101100	00000000	00001001	00000000	00001000
11100010	11101100	00000000	00001001	00000000	00001000
11110000	11101100	00000000	00001001	00000000	00001000
<\HS-EXP2E3>

SIIBSSSS 	SSI-ISR- 	--H-A-D- 	HC-RR--M 	--F----F 	SSR-C-P-
441 PPPP     	123 23S  	  V M M  	VG 31  U 	  I    R 	CC2 G X
    3210     	      T  	  F P P  	R3     X 	  R    A 	23  2 L
<HS-rd-clk2E3>
11000000	00100110	00000000	00001001	00000000	10101000
11000000	00100110	00000000	00000001	00000000	10101000
11000000	00100100	00100000	00010001	00000000	00101000
11000000	00100100	00000000	00010001	00000000	00001010
11000000	00100100	00000000	00010001	00000000	00000000
11000000	00100100	00000000	00010001	00000000	00000000
11000000	00100100	00000000	00010001	00000000	00000000
11000000	00100100	00000000	00010001	00000000	00000000
11000000	00100100	00000000	10001001	00000000	00001000
11000000	00100100	00000000	00001001	00000000	00001000
11000000	00100100	00000000	00001001	00000000	00001000
11000000	00100100	00000000	00001001	00000000	00001000
11000000	00100100	00000000	00001001	00000000	00001000
11010000	00100100	00000000	00001001	00000000	00001000
<\HS-rd-clk2E3>

SIIBSSSS 	SSI-ISR- 	--H-A-D- 	HC-RR--M 	--F----F 	SSR-C-P-
441 PPPP     	123 23S  	  V M M  	VG 31  U 	  I    R 	CC2 G X
    3210     	      T  	  F P P  	R3     X 	  R    A 	23  2 L
<HS-rd2E3>
11000000	00100110	00000000	00001001	00000000	10101000
11000000	00100110	00000000	00000001	00000000	10101000
11000000	00100100	00100000	00010001	00000000	00101000
11000000	00100100	00000000	00010001	00000000	00001000
11000000	00100100	00000000	00010001	00000000	00000000
11000000	00100100	00000000	00010001	00000000	00000000
11000000	00100100	00000000	00010001	00000000	00000000
11000000	00100100	00000000	00010001	00000000	00000000
11000000	00100100	00000000	10001001	00000000	00001000
11000000	00100100	00000000	00001001	00000000	00001000
11000000	00100100	00000000	00001001	00000000	00001000
11000000	00100100	00000000	00001001	00000000	00001000
11000000	00100100	00000000	00001001	00000000	00001000
11010000	00100100	00000000	00001001	00000000	00001000
<\HS-rd2E3>

SIIBSSSS 	SSI-ISR- 	--H-A-D- 	HC-RR--M 	--F----F 	SSR-C-P-
441 PPPP     	123 23S  	  V M M  	VG 31  U 	  I    R 	CC2 G X
    3210     	      T  	  F P P  	R3     X 	  R    A 	23  2 L
<HS-amp-rst2E3>
11000000	00100110	00000000	00001001	00000000	10101000
11000000	00100110	00000000	00000001	00000000	10101000
11000000	00100100	00100000	00010001	00000000	00101000
11000000	00100100	00001000	00010001	00000000	00001000
11000000	00100100	00001000	00010001	00000000	00000000
11000000	00100100	00001000	00010001	00000000	00000000
11000000	00100100	00001000	00010001	00000000	00000000
11000000	00100100	00000000	00010001	00000000	00000000
11000000	00100100	00000000	10001001	00000000	00001000
11000000	00100100	00000000	00001001	00000000	00001000
11000000	00100100	00000000	00001001	00000000	00001000
11000000	00100100	00000000	00001001	00000000	00001000
11000000	00100100	00000000	00001001	00000000	00001000
11010000	00100100	00000000	00001001	00000000	00001000
<\HS-amp-rst2E3>

SIIBSSSS 	SSI-ISR- 	--H-A-D- 	HC-RR--M 	--F----F 	SSR-C-P-
441 PPPP     	123 23S  	  V M M  	VG 31  U 	  I    R 	CC2 G X
    3210     	      T  	  F P P  	R3     X 	  R    A 	23  2 L
<HBIN2E3>
11000000	00100100	00000000	00001001	00000000	00101000
11000000	00100100	00000000	00000001	00000000	00101000
11000000	00100100	00100000	00010001	00000000	00101000
11000000	00100100	00000000	00010001	00000000	00001000
11000000	00100100	00000000	00010001	00000000	00001000
11000000	00100100	00000000	00010001	00000000	00001000
11000000	00100100	00000000	00010001	00000000	00001000
11000000	00100100	00000000	00010001	00000000	00001000
11000000	00100100	00000000	10001001	00000000	00001000
11000000	00100100	00000000	00001001	00000000	00001000
11000000	00100100	00000000	00001001	00000000	00001000
11000000	00100100	00000000	00001001	00000000	00001000
11000000	00100100	00000000	00001001	00000000	00001000
11010000	00100100	00000000	00001001	00000000	00001000
<\HBIN2E3>


****************************************************************************************
1MHz EM starts here.

SIIBSSSS 	SSI-ISR- 	--H-A-D- 	HC-RR--M 	--F----F 	SSR-C-P-
441 PPPP     	123 23S  	  V M M  	VG 31  U 	  I    R 	CC2 G X
    3210     	      T  	  F P P  	R3     X 	  R    A 	23  2 L
<HS2E1>
11000000	00100110	00000000	00001001	00000000	10101000
11000010	00100110	00000000	00000001	00000000	10101000
11000000	00100100	00100000	00010001	00000000	00101000
11000001	00100100	00000000	00010001	00000000	00001000
11000010	00100100	00000000	00010001	00000000	00000000
11000010	00100100	00000000	00010001	00000000	00000000
11000010	00100100	00000000	00010001	00000000	00000000
11000010	00100100	00000000	00010001	00000000	00000000
11000010	00100100	00000000	00010001	00000000	00000000
11000000	00100100	00000000	10001001	00000000	00001000
11000001	00100100	00000000	00001001	00000000	00001000
11000010	00100100	00000000	00001001	00000000	00001000
11000010	00100100	00000000	00001001	00000000	00001000
11000010	00100100	00000000	00001001	00000000	00001000
11000010	00100100	00000000	00001001	00000000	00001000
11010010	00100100	00000000	00001001	00000000	00001000
<\HS2E1>

SIIBSSSS 	SSI-ISR- 	--H-A-D- 	HC-RR--M 	--F----F 	SSR-C-P-
441 PPPP     	123 23S  	  V M M  	VG 31  U 	  I    R 	CC2 G X
    3210     	      T  	  F P P  	R3     X 	  R    A 	23  2 L
<HS-EXP2E1>
11100000	11101110	00000000	00001001	00000000	10101000
11100010	11101110	00000000	00000001	00000000	10101000
11000000	11101100	00100000	00010001	00000000	00101000
11000001	11101100	00000000	00010001	00000000	00001000
11100010	11101100	00001000	00010001	00000000	00000000
11100010	11101100	00001000	00010001	00000000	00000000
11100010	11101100	00001000	00010001	00000000	00000000
11100010	11101100	00001000	00010001	00000000	00000000
11100010	11101100	00000000	00010001	00000000	00000000
11000000	11101100	00000000	10001001	00000000	00001000
11000001	11101100	00000000	00001001	00000000	00001000
11100010	11101100	00000000	00001001	00000000	00001000
11100010	11101100	00000000	00001001	00000000	00001000
11100010	11101100	00000000	00001001	00000000	00001000
11100010	11101100	00000000	00001001	00000000	00001000
11110010	11101100	00000000	00001001	00000000	00001000
<\HS-EXP2E1>

SIIBSSSS 	SSI-ISR- 	--H-A-D- 	HC-RR--M 	--F----F 	SSR-C-P-
441 PPPP     	123 23S  	  V M M  	VG 31  U 	  I    R 	CC2 G X
    3210     	      T  	  F P P  	R3     X 	  R    A 	23  2 L
<HS-rd-clk2E1>
11000000	00100110	00000000	00001001	00000000	10101000
11000010	00100110	00000000	00000001	00000000	10101000
11000000	00100100	00100000	00010001	00000000	00101000
11000001	00100100	00000000	00010001	00000000	00001000
11000010	00100100	00000000	00010001	00000000	00000010
11000010	00100100	00000000	00010001	00000000	00000000
11000010	00100100	00000000	00010001	00000000	00000000
11000010	00100100	00000000	00010001	00000000	00000000
11000010	00100100	00000000	00010001	00000000	00000000
11000000	00100100	00000000	10001001	00000000	00001000
11000001	00100100	00000000	00001001	00000000	00001000
11000010	00100100	00000000	00001001	00000000	00001000
11000010	00100100	00000000	00001001	00000000	00001000
11000010	00100100	00000000	00001001	00000000	00001000
11000010	00100100	00000000	00001001	00000000	00001000
11010010	00100100	00000000	00001001	00000000	00001000
<\HS-rd-clk2E1>

SIIBSSSS 	SSI-ISR- 	--H-A-D- 	HC-RR--M 	--F----F 	SSR-C-P-
441 PPPP     	123 23S  	  V M M  	VG 31  U 	  I    R 	CC2 G X
    3210     	      T  	  F P P  	R3     X 	  R    A 	23  2 L
<HS-rd2E1>
11000000	00100110	00000000	00001001	00000000	10101000
11000010	00100110	00000000	00000001	00000000	10101000
11000000	00100100	00100000	00010001	00000000	00101000
11000001	00100100	00000000	00010001	00000000	00001000
11000010	00100100	00000000	00010001	00000000	00000000
11000010	00100100	00000000	00010001	00000000	00000000
11000010	00100100	00000000	00010001	00000000	00000000
11000010	00100100	00000000	00010001	00000000	00000000
11000010	00100100	00000000	00010001	00000000	00000000
11000000	00100100	00000000	10001001	00000000	00001000
11000001	00100100	00000000	00001001	00000000	00001000
11000010	00100100	00000000	00001001	00000000	00001000
11000010	00100100	00000000	00001001	00000000	00001000
11000010	00100100	00000000	00001001	00000000	00001000
11000010	00100100	00000000	00001001	00000000	00001000
11010010	00100100	00000000	00001001	00000000	00001000
<\HS-rd2E1>

SIIBSSSS 	SSI-ISR- 	--H-A-D- 	HC-RR--M 	--F----F 	SSR-C-P-
441 PPPP     	123 23S  	  V M M  	VG 31  U 	  I    R 	CC2 G X
    3210     	      T  	  F P P  	R3     X 	  R    A 	23  2 L
<HS-amp-rst2E1>
11000000	00100110	00000000	00001001	00000000	10101000
11000010	00100110	00000000	00000001	00000000	10101000
11000000	00100100	00100000	00010001	00000000	00101000
11000001	00100100	00000000	00010001	00000000	00001000
11000010	00100100	00001000	00010001	00000000	00000000
11000010	00100100	00001000	00010001	00000000	00000000
11000010	00100100	00001000	00010001	00000000	00000000
11000010	00100100	00001000	00010001	00000000	00000000
11000010	00100100	00000000	00010001	00000000	00000000
11000000	00100100	00000000	10001001	00000000	00001000
11000001	00100100	00000000	00001001	00000000	00001000
11000010	00100100	00000000	00001001	00000000	00001000
11000010	00100100	00000000	00001001	00000000	00001000
11000010	00100100	00000000	00001001	00000000	00001000
11000010	00100100	00000000	00001001	00000000	00001000
11010010	00100100	00000000	00001001	00000000	00001000
<\HS-amp-rst2E1>

SIIBSSSS 	SSI-ISR- 	--H-A-D- 	HC-RR--M 	--F----F 	SSR-C-P-
441 PPPP     	123 23S  	  V M M  	VG 31  U 	  I    R 	CC2 G X
    3210     	      T  	  F P P  	R3     X 	  R    A 	23  2 L
<HBIN2E1>
11000000	00100100	00000000	00001001	00000000	00101000
11000010	00100100	00000000	00000001	00000000	00101000
11000000	00100100	00100000	00010001	00000000	00101000
11000001	00100100	00000000	00010001	00000000	00001000
11000010	00100100	00000000	00010001	00000000	00001000
11000010	00100100	00000000	00010001	00000000	00001000
11000010	00100100	00000000	00010001	00000000	00001000
11000010	00100100	00000000	00010001	00000000	00001000
11000010	00100100	00000000	00010001	00000000	00001000
11000000	00100100	00000000	10001001	00000000	00001000
11000001	00100100	00000000	00001001	00000000	00001000
11000010	00100100	00000000	00001001	00000000	00001000
11000010	00100100	00000000	00001001	00000000	00001000
11000010	00100100	00000000	00001001	00000000	00001000
11000010	00100100	00000000	00001001	00000000	00001000
11010010	00100100	00000000	00001001	00000000	00001000
<\HBIN2E1>


****************************************************************************************
****************************************************************************************
3MHz conventional starts here

SIIBSSSS 	SSI-ISR- 	--H-A-D- 	HC-RR--M 	--F----F 	SSR-C-P-
441 PPPP     	123 23S  	  V M M  	VG 31  U 	  I    R 	CC2 G X
    3210     	      T  	  F P P  	R3     X 	  R    A 	23  2 L
<HS2E3-HR>
11000000	00100110	00000000	00001001	00000000	10101000
11000000	00100110	00000000	00001001	00000000	10001000
11000000	00100100	00100000	00011001	00000000	00000000
11000000	00100100	00000000	00010001	00000000	00000000
11000000	00100100	00000000	00010001	00000000	00000000
11000000	00100100	00000000	00010001	00000000	00000000
11000000	00100100	00000000	00010001	00000000	00000000
11000000	00100100	00000000	00010001	00000000	00000000
11000000	00100100	00000000	00000001	00000000	00101000
11000000	00100100	00000000	00000001	00000000	00101000
11000000	00100100	00000000	00000001	00000000	00101000
11000000	00100100	00000000	00000001	00000000	00101000
11000000	00100100	00000000	00000001	00000000	00101000
11010000	00100100	00000000	00000001	00000000	00101000
<\HS2E3-HR>

SIIBSSSS 	SSI-ISR- 	--H-A-D- 	HC-RR--M 	--F----F 	SSR-C-P-
441 PPPP     	123 23S  	  V M M  	VG 31  U 	  I    R 	CC2 G X
    3210     	      T  	  F P P  	R3     X 	  R    A 	23  2 L
Padded for making exposure time in packets of 500ns
<HS-EXP2E3-HR>
11100000	11101110	00000000	00001001	00000000	10101000
11100000	11101110	00000000	00001001	00000000	10001000
11100000	11101100	00100000	00011001	00000000	00000000
11100000	11101100	00001000	00010001	00000000	00000000
11100000	11101100	00001000	00010001	00000000	00000000
11100000	11101100	00001000	00010001	00000000	00000000
11100000	11101100	00001000	00010001	00000000	00000000
11100000	11101100	00000000	00010001	00000000	00000000
11100000	11101100	00000000	00000001	00000000	00101000
11100000	11101100	00000000	00000001	00000000	00101000
11100010	11101100	00000000	00000001	00000000	00101000
11100010	11101100	00000000	00000001	00000000	00101000
11100010	11101100	00000000	00000001	00000000	00101000
11110000	11101100	00000000	00000001	00000000	00101000
<\HS-EXP2E3-HR>

SIIBSSSS 	SSI-ISR- 	--H-A-D- 	HC-RR--M 	--F----F 	SSR-C-P-
441 PPPP     	123 23S  	  V M M  	VG 31  U 	  I    R 	CC2 G X
    3210     	      T  	  F P P  	R3     X 	  R    A 	23  2 L
<HS-rd-clk2E3-HR>
11000000	00100110	00000000	00001001	00000000	10101000
11000000	00100110	00000000	00001001	00000000	10001000
11000000	00100100	00100000	00011001	00000000	00000000
11000000	00100100	00000000	00010001	00000000	00000010
11000000	00100100	00000000	00010001	00000000	00000000
11000000	00100100	00000000	00010001	00000000	00000000
11000000	00100100	00000000	00010001	00000000	00000000
11000000	00100100	00000000	00010001	00000000	00000000
11000000	00100100	00000000	00000001	00000000	00101000
11000000	00100100	00000000	00000001	00000000	00101000
11000000	00100100	00000000	00000001	00000000	00101000
11000000	00100100	00000000	00000001	00000000	00101000
11000000	00100100	00000000	00000001	00000000	00101000
11010000	00100100	00000000	00000001	00000000	00101000
<\HS-rd-clk2E3-HR>

SIIBSSSS 	SSI-ISR- 	--H-A-D- 	HC-RR--M 	--F----F 	SSR-C-P-
441 PPPP     	123 23S  	  V M M  	VG 31  U 	  I    R 	CC2 G X
    3210     	      T  	  F P P  	R3     X 	  R    A 	23  2 L
<HS-rd2E3-HR>
11000000	00100110	00000000	00001001	00000000	10101000
11000000	00100110	00000000	00001001	00000000	10001000
11000000	00100100	00100000	00011001	00000000	00000000
11000000	00100100	00000000	00010001	00000000	00000000
11000000	00100100	00000000	00010001	00000000	00000000
11000000	00100100	00000000	00010001	00000000	00000000
11000000	00100100	00000000	00010001	00000000	00000000
11000000	00100100	00000000	00010001	00000000	00000000
11000000	00100100	00000000	00000001	00000000	00101000
11000000	00100100	00000000	00000001	00000000	00101000
11000000	00100100	00000000	00000001	00000000	00101000
11000000	00100100	00000000	00000001	00000000	00101000
11000000	00100100	00000000	00000001	00000000	00101000
11010000	00100100	00000000	00000001	00000000	00101000
<\HS-rd2E3-HR>

SIIBSSSS 	SSI-ISR- 	--H-A-D- 	HC-RR--M 	--F----F 	SSR-C-P-
441 PPPP     	123 23S  	  V M M  	VG 31  U 	  I    R 	CC2 G X
    3210     	      T  	  F P P  	R3     X 	  R    A 	23  2 L
<HS-amp-rst2E3-HR>
11000000	00100110	00000000	00001001	00000000	10101000
11000000	00100110	00000000	00001001	00000000	10001000
11000000	00100100	00100000	00011001	00000000	00000000
11000000	00100100	00001000	00010001	00000000	00000000
11000000	00100100	00001000	00010001	00000000	00000000
11000000	00100100	00001000	00010001	00000000	00000000
11000000	00100100	00001000	00010001	00000000	00000000
11000000	00100100	00000000	00010001	00000000	00000000
11000000	00100100	00000000	00000001	00000000	00101000
11000000	00100100	00000000	00000001	00000000	00101000
11000000	00100100	00000000	00000001	00000000	00101000
11000000	00100100	00000000	00000001	00000000	00101000
11000000	00100100	00000000	00000001	00000000	00101000
11010000	00100100	00000000	00000001	00000000	00101000
<\HS-amp-rst2E3-HR>

SIIBSSSS 	SSI-ISR- 	--H-A-D- 	HC-RR--M 	--F----F 	SSR-C-P-
441 PPPP     	123 23S  	  V M M  	VG 31  U 	  I    R 	CC2 G X
    3210     	      T  	  F P P  	R3     X 	  R    A 	23  2 L
<HBIN2E3-HR>
11000000	00100100	00000000	00001001	00000000	00101000
11000000	00100100	00000000	00001001	00000000	00001000
11000000	00100100	00100000	00011001	00000000	00001000
11000000	00100100	00000000	00010001	00000000	00001000
11000000	00100100	00000000	00010001	00000000	00001000
11000000	00100100	00000000	00010001	00000000	00001000
11000000	00100100	00000000	00010001	00000000	00001000
11000000	00100100	00000000	00010001	00000000	00001000
11000000	00100100	00000000	00000001	00000000	00101000
11000000	00100100	00000000	00000001	00000000	00101000
11000000	00100100	00000000	00000001	00000000	00101000
11000000	00100100	00000000	00000001	00000000	00101000
11000000	00100100	00000000	00000001	00000000	00101000
11010000	00100100	00000000	00000001	00000000	00101000
<\HBIN2E3-HR>


****************************************************************************************
1MHz 14 bit conventional amplifier starts here. 

SIIBSSSS 	SSI-ISR- 	--H-A-D- 	HC-RR--M 	--F----F 	SSR-C-P-
441 PPPP     	123 23S  	  V M M  	VG 31  U 	  I    R 	CC2 G X
    3210     	      T  	  F P P  	R3     X 	  R    A 	23  2 L
<HS2E1-HR>
11000000	00100110	00000000	00001001	00000000	10101000
11000010	00100110	00000000	00001001	00000000	10001000
11000000	00100100	00100000	00011001	00000000	00001000
11000001	00100100	00000000	00010001	00000000	00001000
11000010	00100100	00000000	00010001	00000000	00000000
11000010	00100100	00000000	00010001	00000000	00000000
11000010	00100100	00000000	00010001	00000000	00000000
11000010	00100100	00000000	00010001	00000000	00000000
11000010	00100100	00000000	00010001	00000000	00000000
11000000	00100100	00000000	00000001	00000000	00101000
11000001	00100100	00000000	00000001	00000000	00101000
11000010	00100100	00000000	00000001	00000000	00101000
11000010	00100100	00000000	00000001	00000000	00101000
11000010	00100100	00000000	00000001	00000000	00101000
11000010	00100100	00000000	00000001	00000000	00101000
11010010	00100100	00000000	00000001	00000000	00101000
<\HS2E1-HR>

SIIBSSSS 	SSI-ISR- 	--H-A-D- 	HC-RR--M 	--F----F 	SSR-C-P-
441 PPPP     	123 23S  	  V M M  	VG 31  U 	  I    R 	CC2 G X
    3210     	      T  	  F P P  	R3     X 	  R    A 	23  2 L
<HS-EXP2E1-HR>
11100000	11101110	00000000	00001001	00000000	10101000
11100010	11101110	00000000	00001001	00000000	10001000
11000000	11101100	00100000	00011001	00000000	00001000
11000001	11101100	00000000	00010001	00000000	00001000
11100010	11101100	00001000	00010001	00000000	00000000
11100010	11101100	00001000	00010001	00000000	00000000
11100010	11101100	00001000	00010001	00000000	00000000
11100010	11101100	00001000	00010001	00000000	00000000
11100010	11101100	00000000	00010001	00000000	00000000
11000000	11101100	00000000	00000001	00000000	00101000
11000001	11101100	00000000	00000001	00000000	00101000
11100010	11101100	00000000	00000001	00000000	00101000
11100010	11101100	00000000	00000001	00000000	00101000
11100010	11101100	00000000	00000001	00000000	00101000
11100010	11101100	00000000	00000001	00000000	00101000
11110010	11101100	00000000	00000001	00000000	00101000
<\HS-EXP2E1-HR>

SIIBSSSS 	SSI-ISR- 	--H-A-D- 	HC-RR--M 	--F----F 	SSR-C-P-
441 PPPP     	123 23S  	  V M M  	VG 31  U 	  I    R 	CC2 G X
    3210     	      T  	  F P P  	R3     X 	  R    A 	23  2 L
<HS-rd-clk2E1-HR>
11000000	00100110	00000000	00001001	00000000	10101000
11000010	00100110	00000000	00001001	00000000	10001000
11000000	00100100	00100000	00011001	00000000	00001000
11000001	00100100	00000000	00010001	00000000	00001000
11000010	00100100	00000000	00010001	00000000	00000010
11000010	00100100	00000000	00010001	00000000	00000000
11000010	00100100	00000000	00010001	00000000	00000000
11000010	00100100	00000000	00010001	00000000	00000000
11000010	00100100	00000000	00010001	00000000	00000000
11000000	00100100	00000000	00000001	00000000	00101000
11000001	00100100	00000000	00000001	00000000	00101000
11000010	00100100	00000000	00000001	00000000	00101000
11000010	00100100	00000000	00000001	00000000	00101000
11000010	00100100	00000000	00000001	00000000	00101000
11000010	00100100	00000000	00000001	00000000	00101000
11010010	00100100	00000000	00000001	00000000	00101000
<\HS-rd-clk2E1-HR>

SIIBSSSS 	SSI-ISR- 	--H-A-D- 	HC-RR--M 	--F----F 	SSR-C-P-
441 PPPP     	123 23S  	  V M M  	VG 31  U 	  I    R 	CC2 G X
    3210     	      T  	  F P P  	R3     X 	  R    A 	23  2 L
<HS-rd2E1-HR>
11000000	00100110	00000000	00001001	00000000	10101000
11000010	00100110	00000000	00001001	00000000	10001000
11000000	00100100	00100000	00011001	00000000	00001000
11000001	00100100	00000000	00010001	00000000	00001000
11000010	00100100	00000000	00010001	00000000	00000000
11000010	00100100	00000000	00010001	00000000	00000000
11000010	00100100	00000000	00010001	00000000	00000000
11000010	00100100	00000000	00010001	00000000	00000000
11000010	00100100	00000000	00010001	00000000	00000000
11000000	00100100	00000000	00000001	00000000	00101000
11000001	00100100	00000000	00000001	00000000	00101000
11000010	00100100	00000000	00000001	00000000	00101000
11000010	00100100	00000000	00000001	00000000	00101000
11000010	00100100	00000000	00000001	00000000	00101000
11000010	00100100	00000000	00000001	00000000	00101000
11010010	00100100	00000000	00000001	00000000	00101000
<\HS-rd2E1-HR>

SIIBSSSS 	SSI-ISR- 	--H-A-D- 	HC-RR--M 	--F----F 	SSR-C-P-
441 PPPP     	123 23S  	  V M M  	VG 31  U 	  I    R 	CC2 G X
    3210     	      T  	  F P P  	R3     X 	  R    A 	23  2 L
<HS-amp-rst2E1-HR>
11000000	00100110	00000000	00001001	00000000	10101000
11000010	00100110	00000000	00001001	00000000	10001000
11000000	00100100	00100000	00011001	00000000	00001000
11000001	00100100	00000000	00010001	00000000	00001000
11000010	00100100	00001000	00010001	00000000	00000000
11000010	00100100	00001000	00010001	00000000	00000000
11000010	00100100	00001000	00010001	00000000	00000000
11000010	00100100	00001000	00010001	00000000	00000000
11000010	00100100	00000000	00010001	00000000	00000000
11000000	00100100	00000000	00000001	00000000	00101000
11000001	00100100	00000000	00000001	00000000	00101000
11000010	00100100	00000000	00000001	00000000	00101000
11000010	00100100	00000000	00000001	00000000	00101000
11000010	00100100	00000000	00000001	00000000	00101000
11000010	00100100	00000000	00000001	00000000	00101000
11010010	00100100	00000000	00000001	00000000	00101000
<\HS-amp-rst2E1-HR>

SIIBSSSS 	SSI-ISR- 	--H-A-D- 	HC-RR--M 	--F----F 	SSR-C-P-
441 PPPP     	123 23S  	  V M M  	VG 31  U 	  I    R 	CC2 G X
    3210     	      T  	  F P P  	R3     X 	  R    A 	23  2 L
<HBIN2E1-HR>
11000000	00100100	00000000	00001001	00000000	00101000
11000010	00100100	00000000	00001001	00000000	00001000
11000000	00100100	00100000	00011001	00000000	00001000
11000001	00100100	00000000	00010001	00000000	00001000
11000010	00100100	00000000	00010001	00000000	00001000
11000010	00100100	00000000	00010001	00000000	00001000
11000010	00100100	00000000	00010001	00000000	00001000
11000010	00100100	00000000	00010001	00000000	00001000
11000010	00100100	00000000	00010001	00000000	00001000
11000000	00100100	00000000	00000001	00000000	00101000
11000001	00100100	00000000	00000001	00000000	00101000
11000010	00100100	00000000	00000001	00000000	00101000
11000010	00100100	00000000	00000001	00000000	00101000
11000010	00100100	00000000	00000001	00000000	00101000
11000010	00100100	00000000	00000001	00000000	00101000
11010010	00100100	00000000	00000001	00000000	00101000
<\HBIN2E1-HR>

****************************************************************************************

		