P03B60_3A.txt (uses faster 12.5ns engine clock with C5 polo and discrete dig b/d)
2 phase device.
For iXon 60BI Datel ADS937 1MHz 16bit A/D with EM.
Important for horz clks to have 90% overlap, if not done in pattern then in verniers.

SIIBSSSS 	SSI-ISR- 	--H-A-DD 	HC-RR--M 	-EF--P-F 	SSR-CPP-
441 PPPP     	123 23S  	  V M MC 	VG 31  U 	 MI  A R 	CC2 GAX
    3210     	      T  	  F P PD 	R3     X 	 KR  1 A 	23  22L
<VS-st>
00000000	01000010	00000000	00001000	00000000	00100000
00000000	01000010	00000000	00001000	00000000	00100000
00000000	10000010	00000000	00001000	00000000	00100000
00010000	10000010	00000000	00001000	00000000	00100000
<\VS-st>					
					
<VS-all>				
00000000	01001010	00000000	00001000	00000000	00100000
00000000	01001010	00000000	00001000	00000000	00100000
00100000	10000010	00000000	00001000	00000000	00100000
00110000	10000010	00000000	00001000	00000000	00100000
<\VS-all>				

<VS-im>				
00000000	00001010	00000000	00001000	00000000	00100000
00000000	00001010	00000000	00001000	00000000	00100000
00100000	00000010	00000000	00001000	00000000	00100000
00110000	00000010	00000000	00001000	00000000	00100000
<\VS-im>

<VS-stH>
00000000	01000010	00000000	00001000	00000000	00100000
00000000	01000010	00000000	00001000	00000000	00100000
00000000	10000010	00000000	00001000	00000000	00100000
00010000	10000010	00000000	00001000	00000000	00100000
<\VS-stH>					
					
<VS-allH>				
00000000	01001010	00000000	00001000	00000000	00100000
00000000	01001010	00000000	00001000	00000000	00100000
00100000	10000010	00000000	00001000	00000000	00100000
00110000	10000010	00000000	00001000	00000000	00100000
<\VS-allH>				


Used to generate 2.5us delay for better hole transport in BIs.
<PDT>
00001000	01001000	00000000	00001000	00000000	00100000
00000111	01001000	00000000	00001000	00000000	00100000
00000000	01001000	00000000	00001000	00000000	00100000
00010000	01001000	00000000	00001000	00000000	00100000
<\PDT>

<HV>
00000000	00000000	00000000	00001000	00000000	00100000
00000000	00000000	00000000	00001000	00000000	00100000
00000000	00000000	00000000	00001000	00000000	00100000
00010000	00000000	00000000	00001000	00000000	00100000
<\HV>

<VH>					
00000000	00000000	00000000	00001000	00000000	00100000
00000000	00000000	00000000	00001000	00000000	00100000
00000000	00000000	00000000	00001000	00000000	00100000
00010000	00000000	00000000	00001000	00000000	00100000
<\VH>					


****************************************************************************************
1MHz EM output starts here.

SIIBSSSS 	SSI-ISR- 	--H-A-DD 	HC-RR--M 	-EF--P-F 	SSR-CPP-
441 PPPP     	123 23S  	  V M MC 	VG 31  U 	 MI  A R 	CC2 GAX
    3210     	      T  	  F P PD 	R3     X 	 KR  1 A 	23  22L
<HS3A1>
00000010	00000010	00000000	00001000	00000000	01100000
00000011	00000010	00000000	00000000	00000000	01100000
00000000	00000000	00100000	00010000	00000000	00100000
00000000	00000000	00000000	00010000	00000000	00000000
00000101	00000000	00000000	00010000	00000000	00000000
00000101	00000000	00000000	01010000	00000000	00000000
00000000	00000000	00000000	10001000	00000000	00000000
00000000	00000000	00000000	00001000	00000000	00000000
00000101	00000000	00000000	00001000	00000000	00000000
00010101	00000000	00000000	00001000	00000000	00000000
<\HS3A1>

<HS-EXP3A1>
00000010	00000010	00000000	00001000	00000000	01100000
00000011	00000010	00000000	00000000	00000000	01100000
00000000	00000000	00100000	00010000	00000000	00100000
00000000	00000000	00000000	00010000	00000000	00000000
00000101	00000000	00001000	00010000	00000000	00000000
00000101	00000000	00001000	01010000	00000000	00000000
00000000	00000000	00000000	10001000	00000000	00000000
00000000	00000000	00000000	00001000	00000000	00000000
00000101	00000000	00000000	00001000	00000000	00000000
00010101	00000000	00000000	00001000	00000000	00000000
<\HS-EXP3A1>

<EXP-NOHS3A1>
00000010	00000010	00000000	00001000	00000000	01100000
00000011	00000010	00000000	00001000	00000000	01100000
00000000	00000000	00000000	00001000	00000000	00100000
00000000	00000000	00000000	00001000	00000000	00100000
00000101	00000000	00001000	00001000	00000000	00100000
00000101	00000000	00001000	01001000	00000000	00100000
00000000	00000000	00000000	00001000	00000000	00100000
00000000	00000000	00000000	00001000	00000000	00100000
00000101	00000000	00000000	00001000	00000000	00100000
00010101	00000000	00000000	00001000	00000000	00100000
<\EXP-NOHS3A1>

SIIBSSSS 	SSI-ISR- 	--H-A-DD 	HC-RR--M 	-EF--P-F 	SSR-CPP-
441 PPPP     	123 23S  	  V M MC 	VG 31  U 	 MI  A R 	CC2 GAX
    3210     	      T  	  F P PD 	R3     X 	 KR  1 A 	23  22L
<HS-rd-clk3A1>
00000010	00000010	00000000	00001000	00000000	01100000
00000011	00000010	00000000	00000000	00000000	01100000
00000000	00000000	00100000	00010000	00000000	00100000
00000000	00000000	00000000	00010000	00000000	00000000
00000101	00000000	00000000	00010000	00000000	00000010
00000101	00000000	00000000	01010000	00000000	00000000
00000000	00000000	00000000	10001000	00000000	00000000
00000000	00000000	00000000	00001000	00000000	00000000
00000101	00000000	00000000	00001000	00000000	00000000
00010101	00000000	00000000	00001000	00000000	00000000
<\HS-rd-clk3A1>

<HS-rd3A1>
00000010	00000010	00000000	00001000	00000000	01100000
00000011	00000010	00000000	00000000	00000000	01100000
00000000	00000000	00100000	00010000	00000000	00100000
00000000	00000000	00000000	00010000	00000000	00000000
00000101	00000000	00000000	00010000	00000000	00000000
00000101	00000000	00000000	01010000	00000000	00000000
00000000	00000000	00000000	10001000	00000000	00000000
00000000	00000000	00000000	00001000	00000000	00000000
00000101	00000000	00000000	00001000	00000000	00000000
00010101	00000000	00000000	00001000	00000000	00000000
<\HS-rd3A1>

SIIBSSSS 	SSI-ISR- 	--H-A-DD 	HC-RR--M 	-EF--P-F 	SSR-CPP-
441 PPPP     	123 23S  	  V M MC 	VG 31  U 	 MI  A R 	CC2 GAX
    3210     	      T  	  F P PD 	R3     X 	 KR  1 A 	23  22L
<HS-amp-rst3A1>
00000010	00000010	00000000	00001000	00000000	01100000
00000011	00000010	00000000	00000000	00000000	01100000
00000000	00000000	00100000	00010000	00000000	00100000
00000000	00000000	00000000	00010000	00000000	00000000
00000101	00000000	00001000	00010000	00000000	00000000
00000101	00000000	00001000	01010000	00000000	00000000
00000000	00000000	00000000	10001000	00000000	00000000
00000000	00000000	00000000	00001000	00000000	00000000
00000101	00000000	00000000	00001000	00000000	00000000
00010101	00000000	00000000	00001000	00000000	00000000
<\HS-amp-rst3A1>

<HBIN3A1>
00000010	00000000	00000000	00001000	00000000	00100000
00000011	00000000	00000000	00000000	00000000	00100000
00000000	00000000	00100000	00010000	00000000	00100000
00000000	00000000	00000000	00010000	00000000	00000000
00000101	00000000	00000000	00010000	00000000	00000000
00000101	00000000	00000000	00010000	00000000	00000000
00000000	00000000	00000000	10001000	00000000	00000000
00000000	00000000	00000000	00001000	00000000	00000000
00000101	00000000	00000000	00001000	00000000	00000000
00010101	00000000	00000000	00001000	00000000	00000000
<\HBIN3A1>

****************************************************************************************
