CCD-5710 PATTERNS (MHz)
-----------------

Turning off horz clocks during exposure at higher speeds to
stop 'background dark signal' and 'glow'.

SIIB---- 	SSI-ISR- 	-PF-AD-- 	RC-RR--M 	D-FD---F 	SSR-C-P-
441      	123 23S  	 E  MS   	 D 31  U 	S IS   R 	CC2 T X
		      T		 N  PR		 S		P RN   A	    G L
<VS-st>
00000000	10000110	00001000	01001000	00000000	00100000
00000000	10000010	00001000	01001000	00000000	00100000
00000000	11000010	00001000	01001000	00000000	00100000
00000000	11000010	00001000	01001000	00000000	00100000
00000000	01000010	00001000	01001000	00000000	00100000
00000000	01000110	00001000	01001000	00000000	00100000
00010000	00000110	00001000	01001000	00000000	00100000
<\VS-st>					

<VS-stH>
00000000	10000110	00001000	01001000	00000000	00100000
00000000	10000010	00001000	01001000	00000000	00100000
00000000	11000010	00001000	01001000	00000000	00100000
00000000	11000010	00001000	01001000	00000000	00100000
00000000	01000010	00001000	01001000	00000000	00100000
00000000	01000110	00001000	01001000	00000000	00100000
00010000	00000110	00001000	01001000	00000000	00100000
<\VS-stH>
					
<VS-all>	
00100000	10100110	00001000	01001000	00000000	00100000
00100000	10000010	00001000	01001000	00000000	00100000
00100000	11001010	00001000	01001000	00000000	00100000
00100000	11001010	00001000	01001000	00000000	00100000
00000000	01001010	00001000	01001000	00000000	00100000
00000000	01101110	00001000	01001000	00000000	00100000
00010000	00100110	00001000	01001000	00000000	00100000
<\VS-all>	

<VS-allH>	
00100000	10100110	00001000	01001000	00000000	00100000
00100000	10000010	00001000	01001000	00000000	00100000
00100000	11001010	00001000	01001000	00000000	00100000
00100000	11001010	00001000	01001000	00000000	00100000
00000000	01001010	00001000	01001000	00000000	00100000
00000000	01101110	00001000	01001000	00000000	00100000
00010000	00100110	00001000	01001000	00000000	00100000
<\VS-allH>

<PDT>
00001001	00000000	00001000	01001000	00000000	00100000
00000000	00000000	00001000	01001000	00000000	00100000
00000000	00000000	00001000	01001000	00000000	00100000
00010000	00000000	00001000	01001000	00000000	00100000
<\PDT>

<HV>					
00000000	00000000	00000000	00001001	00000000	00101000
00000000	00000000	00000000	00001001	00000000	00101000
00000000	00000000	00000000	00001001	00000000	00101000
00010000	00000000	00000000	00001001	00000000	00101000
<\HV>

<VH>					
00000000	00000000	00000000	00001001	00000000	00101000
00000000	00000000	00000000	00001001	00000000	00101000
00000000	00000000	00000000	00001001	00000000	00101000
00010100	00000000	00000000	00001001	00000000	00101000
<\VH>					


****************************************************************************************
2.5MHz Starts Here


<HS4G2.5>	
00000000	00000000	00000000	00001000	00000000	00000000
00000001	00000000	00000000	00001000	00000000	00000000
00000010	00000000	00000000	00001000	00000000	10000000
00000000	00000000	00000000	00001000	00000000	10100000
00000000	00000010	00000000	00000000	00000000	00100000
00000000	00000000	00000000	00010000	00000000	00100000
00000000	00000000	00000000	00010000	00000000	00000000
00000000	00000000	00000000	01010000	00000000	00000000
00000001	00000000	00000000	01010000	00000000	10000000
00000000	00000000	00000000	00010000	00000000	10000000
00000000	00000000	00000000	00011000	00000000	10000000
00010000	00000000	00000000	00001000	00000000	00000000
<\HS4G2.5>

<HS-exp4G2.5>					
00000000	00000010	00000000	00001000	00000000	00100000
00000001	00000010	00000000	00001000	00000000	00100000
00000010	00000010	00000000	00001000	00000000	10100000
00000000	00000010	00000000	00001000	00000000	10100000
00000000	00000010	00000000	00001000	00000000	00100000
00000000	00000010	00000000	00001000	00000000	00100000
00000000	00000010	00000000	00001000	00000000	00100000
00000000	00000010	00000000	01001000	00000000	00100000
00000001	00000010	00000000	01001000	00000000	10100000
00000000	00000010	00000000	00001000	00000000	10100000
00000000	00000010	00000000	00001000	00000000	10100000
00010000	00000010	00000000	00001000	00000000	00100000
<\HS-exp4G2.5>				
					
SIIB---- 	SSI-ISR- 	-PF-AD-- 	RC-RR--M 	D-FD---F 	SSR-C-P-
441      	123 23S  	 E  MS   	 D 31  U 	S IS   R 	CC2 T X
		      T		 N  PR		 S		P RN   A	    G L
<HS-rd-clk4G2.5>
00000000	00000000	00000000	00001000	00000000	00000000
00000001	00000000	00000000	00001000	00000000	00000010
00000010	00000000	00000000	00001000	00000000	10000000
00000000	00000000	00000000	00001000	00000000	10100000
00000000	00000010	00000000	00000000	00000000	00100000
00000000	00000000	00000000	00010000	00000000	00100000
00000000	00000000	00000000	00010000	00000000	00000000
00000000	00000000	00000000	01010000	00000000	00000010
00000001	00000000	00000000	01010000	00000000	10000000
00000000	00000000	00000000	00010000	00000000	10000000
00000000	00000000	00000000	00011000	00000000	10000000
00010000	00000000	00000000	00001000	00000000	00000000
<\HS-rd-clk4G2.5>	
					
<HS-rd4G2.5>				
00000000	00000000	00000000	00001000	00000000	00000000
00000001	00000000	00000000	00001000	00000000	00000000
00000010	00000000	00000000	00001000	00000000	10000000
00000000	00000000	00000000	00001000	00000000	10100000
00000000	00000010	00000000	00000000	00000000	00100000
00000000	00000000	00000000	00010000	00000000	00100000
00000000	00000000	00000000	00010000	00000000	00000000
00000000	00000000	00000000	01010000	00000000	00000000
00000001	00000000	00000000	01010000	00000000	10000000
00000000	00000000	00000000	00010000	00000000	10000000
00000000	00000000	00000000	00011000	00000000	10000000
00010000	00000000	00000000	00001000	00000000	00000000
<\HS-rd4G2.5>				

<HS-amp-rst4G2.5>				
00000000	00000000	00000000	00001000	00000000	00000000
00000001	00000000	00000000	00001000	00000000	00000000
00000010	00000000	00000000	00001000	00000000	10000000
00000000	00000000	00000000	00001000	00000000	10100000
00000000	00000010	00000000	00000000	00000000	00100000
00000000	00000000	00000000	00010000	00000000	00100000
00000000	00000000	00001000	00010000	00000000	00000000
00000000	00000000	00000000	01010000	00000000	00000000
00000001	00000000	00000000	01010000	00000000	10000000
00000000	00000000	00000000	00010000	00000000	10000000
00000000	00000000	00000000	00011000	00000000	10000000
00010000	00000000	00000000	00001000	00000000	00000000
<\HS-amp-rst4G2.5>				

<HBIN4G2.5>					
00000000	00000000	00000000	00001000	00000000	00000000
00000000	00000000	00000000	00001000	00000000	00100000
00000000	00000000	00000000	00000000	00000000	00100000
00000000	00000000	00000000	00000000	00000000	00100000
00000000	00000000	00000000	00010000	00000000	00100000
00000000	00000000	00000000	00010000	00000000	00000000
00000000	00000000	00000000	00010000	00000000	00000000
00010000	00000000	00000000	00011000	00000000	00000000
<\HBIN4G2.5>	


****************************************************************************************
1MHz Starts Here


<HS4G1>	
00000000	00000000	00000000	00001000	00000000	00000000
00000001	00000000	00000000	00001000	00000000	00000000
00000100	00000000	00000000	00001000	00000000	10000000
00000011	00000000	00000000	00001000	00000000	10000000
00000000	00000000	00000000	00001000	00000000	10000000
00000000	00000000	00000000	00001000	00000000	10100000
00000000	00000010	00000000	00000000	00000000	00100000
00000000	00000000	00000000	00010000	00000000	00100000
00000000	00000000	00000000	00010000	00000000	00000000
00000000	00000000	00000000	01010000	00000000	00000000
00000100	00000000	00000000	01010000	00000000	10000000
00000001	00000000	00000000	00010000	00000000	10000000
00000000	00000000	00000000	00011000	00000000	10000000
00010011	00000000	00000000	00001000	00000000	00000000
<\HS4G1>

<HS-exp4G1>					
00000000	00000010	00000000	00001000	00000000	00100000
00000001	00000010	00000000	00001000	00000000	00100000
00000100	00000010	00000000	00001000	00000000	10100000
00000011	00000010	00000000	00001000	00000000	10100000
00000000	00000010	00000000	00001000	00000000	10100000
00000000	00000010	00000000	00001000	00000000	10100000
00000000	00000010	00000000	00001000	00000000	00100000
00000000	00000010	00000000	00001000	00000000	00100000
00000000	00000010	00000000	00001000	00000000	00100000
00000000	00000010	00000000	01001000	00000000	00100000
00000100	00000010	00000000	01001000	00000000	10100000
00000001	00000010	00000000	00001000	00000000	10100000
00000000	00000010	00000000	00001000	00000000	10100000
00010011	00000010	00000000	00001000	00000000	00100000
<\HS-exp4G1>				
					
SIIB---- 	SSI-ISR- 	-PF-AD-- 	RC-RR--M 	D-FD---F 	SSR-C-P-
441      	123 23S  	 E  MS   	 D 31  U 	S IS   R 	CC2 T X
		      T		 N  PR		 S		P RN   A	    G L
<HS-rd-clk4G1>
00000000	00000000	00000000	00001000	00000000	00000000
00000001	00000000	00000000	00001000	00000000	00000010
00000100	00000000	00000000	00001000	00000000	10000000
00000011	00000000	00000000	00001000	00000000	10000000
00000000	00000000	00000000	00001000	00000000	10000000
00000000	00000000	00000000	00001000	00000000	10100000
00000000	00000010	00000000	00000000	00000000	00100000
00000000	00000000	00000000	00010000	00000000	00100000
00000000	00000000	00000000	00010000	00000000	00000000
00000000	00000000	00000000	01010000	00000000	00000010
00000100	00000000	00000000	01010000	00000000	10000000
00000001	00000000	00000000	00010000	00000000	10000000
00000000	00000000	00000000	00011000	00000000	10000000
00010011	00000000	00000000	00001000	00000000	00000000
<\HS-rd-clk4G1>	
					
<HS-rd4G1>				
00000000	00000000	00000000	00001000	00000000	00000000
00000001	00000000	00000000	00001000	00000000	00000000
00000100	00000000	00000000	00001000	00000000	10000000
00000011	00000000	00000000	00001000	00000000	10000000
00000000	00000000	00000000	00001000	00000000	10000000
00000000	00000000	00000000	00001000	00000000	10100000
00000000	00000010	00000000	00000000	00000000	00100000
00000000	00000000	00000000	00010000	00000000	00100000
00000000	00000000	00000000	00010000	00000000	00000000
00000000	00000000	00000000	01010000	00000000	00000000
00000100	00000000	00000000	01010000	00000000	10000000
00000001	00000000	00000000	00010000	00000000	10000000
00000000	00000000	00000000	00011000	00000000	10000000
00010011	00000000	00000000	00001000	00000000	00000000
<\HS-rd4G1>				

<HS-amp-rst4G1>				
00000000	00000000	00000000	00001000	00000000	00000000
00000001	00000000	00000000	00001000	00000000	00000000
00000100	00000000	00000000	00001000	00000000	10000000
00000011	00000000	00000000	00001000	00000000	10000000
00000000	00000000	00000000	00001000	00000000	10000000
00000000	00000000	00000000	00001000	00000000	10100000
00000000	00000010	00000000	00000000	00000000	00100000
00000000	00000000	00000000	00010000	00000000	00100000
00000000	00000000	00001000	00010000	00000000	00000000
00000000	00000000	00001000	01010000	00000000	00000000
00000100	00000000	00000000	01010000	00000000	10000000
00000001	00000000	00000000	00010000	00000000	10000000
00000000	00000000	00000000	00011000	00000000	10000000
00010011	00000000	00000000	00001000	00000000	00000000
<\HS-amp-rst4G1>				

<HBIN4G1>					
00000000	00000000	00000000	00001000	00000000	00000000
00000000	00000000	00000000	00001000	00000000	00100000
00000000	00000000	00000000	00000000	00000000	00100000
00000000	00000000	00000000	00000000	00000000	00100000
00000000	00000000	00000000	00010000	00000000	00100000
00000000	00000000	00000000	00010000	00000000	00000000
00000000	00000000	00000000	00010000	00000000	00000000
00010000	00000000	00000000	00011000	00000000	00000000
<\HBIN4G1>	


****************************************************************************************
END OF FILE
