Active depletion now fully controlled by masterfile - sensor pinned (AD = 0) during exposuretime only MGB 27-02-13
AD column is used to enable clocking using the fast slow mosfet switch for CCD261 MGB 22-02-13
PDT also added to allow enough time for sensor to unpin before verticals MGB 21-02-13
Modified 14-09-04 by MAB/BR to increase overlap of transition R3 to R1 to
remove 33KHz noise.
Upped to P03 (21-10-04) to correct VH & HV with DD. Also modified to ensure 33khz pattern files
are rounded off to 100nS sections to remove possibility of 33KHz noise.
overlap added to 50khz AND 100KHZ for cte problems

00000000	11111100	22221111	33222222	33333333	44444444
76543210	54321098	32109876	10987654	98765432	76543210

SIIBSSSS 	SSI-ISR- 	-AFAAD-- 	R--RR--M 	D-FD---F 	SSR-C-PS
441 PPPP     	123 23S  	 D DMS   	   31  U 	S IS   R 	CC2 T XW
    1234     	      T  	 S  PR   	       X 	P RN   A 	51  G L

<VS-st>
00000000	00100010	00000100	00001000	00000000	00100000
00100000	00100010	00000100	00001000	00000000	00100000
00100000	00000010	00000100	00001000	00000000	00100000
00100000	00001010	00000100	00001000	00000000	00100000
00000000	00001010	00000100	00001000	00000000	00100000
00000000	00101010	00000100	00001000	00000000	00100000
00000000	00100010	00000100	00001000	00000000	00100000
00000000	00100010	00000100	00001000	00000000	00100000
00000000	00100010	00000100	00001000	00000000	00100000
00010000	00100010	00000100	00001000	00000000	00100000
<\VS-st>					


The following is not used:					
<VS-all>	
00000000	00100010	00000100	00001000	00000000	00100000
00100000	00100010	00000100	00001000	00000000	00100000
00100000	00000010	00000100	00001000	00000000	00100000
00100000	00001010	00000100	00001000	00000000	00100000
00000000	00001010	00000100	00001000	00000000	00100000
00000000	00101010	00000100	00001000	00000000	00100000
00000000	00100010	00000100	00001000	00000000	00100000
00000000	00100010	00000100	00001000	00000000	00100000
00000000	00100010	00000100	00001000	00000000	00100000
00010000	00100010	00000100	00001000	00000000	00100000
<\VS-all>				

<PDT>
00001111	00000010	00000100	00001000	00000000	00100000
00001111	00000010	00000100	00001000	00000000	00100000
00001111	00000010	00000100	00001000	00000000	00100000
00001111	00000010	00000100	00001000	00000000	00100000
00001111	00000010	00000100	00001000	00000000	00100000
00001111	00000010	00000100	00001000	00000000	00100000
00001111	00000010	00000100	00001000	00000000	00100000
00011111	00000010	00000100	00001000	00000000	00100000
<\PDT>               
                     
SIIBSSSS 	SSI-ISR- 	-AFAAD-- 	R--RR--M 	D-FD---F 	SSR-C-PS
441 PPPP     	123 23S  	 D DMS   	   31  U 	S IS   R 	CC2 T XW
    1234     	      T  	 S  PR   	       X 	P RN   A 	51  G L

<HV>					
00000000	00000010	00000100	00001000	00000000	00100000
00000000	00000010	00000100	00001000	00000000	00100000
00000000	00000010	00000100	00001000	00000000	00100000
00010000	00000010	00000100	00001000	00000000	00100000
<\HV>

<VH>					
00000000	00000010	00000100	00001000	00000000	00100000
00000000	00000010	00000100	00001000	00000000	00100000
00000000	00000010	00000100	00001000	00000000	00100000
00010000	00000010	00000100	00001000	00000000	00100000
<\VH>
			

<HS4C0.1>	
00000001	00000000	00000000	00011000	00000000	00000001
00000111	00000000	00000000	00001000	10000000	00000000
00001001	00000000	01000000	00001000	00000000	00000000
00000011	00000010	00000000	00000000	00000000	00100000
00000011	00000010	00000000	00000000	00000000	00100000
00000101	00000000	00001000	00010000	00000000	00000001
00000100	00000000	00000100	00010000	00000000	00000001
00000010	00000000	00000000	00010000	00000000	00000001
00010111	00000000	00000000	00010000	00010000	00000001
<\HS4C0.1>

<HS-exp4C0.1>					
00000001	00000010	00000000	00001000	00000000	00100000
00000111	00000010	00000000	00001000	10000000	00100000
00001001	00000010	01000000	00001000	00000000	00100000
00000011	00000010	00000000	00001000	00000000	00100000
00000011	00000010	00000000	00001000	00000000	00100000
00000101	00000010	00001000	00001000	00000000	00100001
00000100	00000010	00000100	00001000	00000000	00100001
00000010	00000010	00000000	00001000	00000000	00100001
00010111	00000010	00000000	00001000	00010000	00100001
<\HS-exp4C0.1>				
					
SIIBSSSS 	SSI-ISR- 	-AFAAD-- 	R--RR--M 	D-FD---F 	SSR-C-PS
441 PPPP     	123 23S  	 D DMS   	   31  U 	S IS   R 	CC2 T XW
    1234     	      T  	 S  PR   	       X 	P RN   A 	51  G L
<HS-rd-clk4C0.1>					
00000001	00000000	00000000	00011000	00000000	00000001
00000111	00000000	00000000	00001000	10000000	00000000
00001001	00000000	01000000	00001000	00000000	00000010
00000011	00000010	00000000	00000000	00000000	00100000
00000011	00000010	00000000	00000000	00000000	00100000
00000101	00000000	00001000	00010000	00000000	00000001
00000100	00000000	00000100	00010000	00000000	00000001
00000010	00000000	00000000	00010000	00000000	00000001
00010111	00000000	00000000	00010000	00010000	00000001
<\HS-rd-clk4C0.1>
					
<HS-rd4C0.1>				
00000001	00000000	00000000	00011000	00000000	00000001
00000111	00000000	00000000	00001000	10000000	00000000
00001001	00000000	01000000	00001000	00000000	00000000
00000011	00000010	00000000	00000000	00000000	00100000
00000011	00000010	00000000	00000000	00000000	00100000
00000101	00000000	00001000	00010000	00000000	00000001
00000100	00000000	00000100	00010000	00000000	00000001
00000010	00000000	00000000	00010000	00000000	00000001
00010111	00000000	00000000	00010000	00010000	00000001
<\HS-rd4C0.1>				

<HS-amp-rst4C0.1>				
00000001	00000000	00001000	00011000	00000000	00000001
00000111	00000000	00001000	00001000	10000000	00000000
00001001	00000000	01001000	00001000	00000000	00000000
00000011	00000010	00001000	00000000	00000000	00100000
00000011	00000010	00001000	00000000	00000000	00100000
00000101	00000000	00001000	00010000	00000000	00000001
00000100	00000000	00001100	00010000	00000000	00000001
00000010	00000000	00001000	00010000	00000000	00000001
00010111	00000000	00001000	00010000	00010000	00000001
<\HS-amp-rst4C0.1>				

<HBIN4C0.1>					
00000011	00000000	00000000	00001000	00000000	00000000
00000011	00000000	00000000	00000000	00000000	00100000
00010011	00000000	00000000	00010000	00000000	00000000
<\HBIN4C0.1>	

<HS4C0.05>	
00000001	00000000	00000000	00011000	00000000	00000001
00001001	00000000	00000000	00001000	10000000	00000000
00001000	00000000	01000000	00001000	00000000	00000000
00000001	00000000	00000000	00001000	00000000	00100000
00000100	00000010	00000000	00000000	00000000	00100000
00000100	00000010	00000000	00000000	00000000	00100000
00001000	00000010	00000000	00000000	00000000	00100000
00000001	00000000	00000000	00010000	00000000	00100001
00000101	00000000	00001000	00010000	00000000	00000001
00000100	00000000	00001100	00010000	00000000	00000001
00000010	00000000	00000000	00010000	00000000	00000001
00011001	00000000	00000000	00010000	00010000	00000001
<\HS4C0.05>

<HS-exp4C0.05>					
00000001	00000010	00000000	00001000	00000000	00100000
00001001	00000010	00000000	00001000	10000000	00100000
00001000	00000010	01000000	00001000	00000000	00100000
00000001	00000010	00000000	00001000	00000000	00100000
00000100	00000010	00000000	00001000	00000000	00100000
00000100	00000010	00000000	00001000	00000000	00100000
00001000	00000010	00000000	00001000	00000000	00100000
00000001	00000010	00000000	00001000	00000000	00100000
00000101	00000010	00001000	00001000	00000000	00100000
00000100	00000010	00001100	00001000	00000000	00100000
00000010	00000010	00000000	00001000	00000000	00100000
00011001	00000010	00000000	00001000	00010000	00100000
<\HS-exp4C0.05>				
					
SIIBSSSS 	SSI-ISR- 	-AFAAD-- 	R--RR--M 	D-FD---F 	SSR-C-PS
441 PPPP     	123 23S  	 D DMS   	   31  U 	S IS   R 	CC2 T XW
    1234     	      T  	 S  PR   	       X 	P RN   A 	51  G L
<HS-rd-clk4C0.05>					
00000001	00000000	00000000	00011000	00000000	00000001
00001001	00000000	00000000	00001000	10000000	00000000
00001000	00000000	01000000	00001000	00000000	00000010
00000001	00000000	00000000	00001000	00000000	00100000
00000100	00000010	00000000	00000000	00000000	00100000
00000100	00000010	00000000	00000000	00000000	00100000
00001000	00000010	00000000	00000000	00000000	00100000
00000001	00000000	00000000	00010000	00000000	00100001
00000101	00000000	00000000	00010000	00000000	00000001
00000100	00000000	00001100	00010000	00000000	00000001
00000010	00000000	00000000	00010000	00000000	00000001
00011001	00000000	00000000	00010000	00010000	00000001
<\HS-rd-clk4C0.05>
			
<HS-rd4C0.05>				
00000001	00000000	00000000	00011000	00000000	00000001
00001001	00000000	00000000	00001000	10000000	00000000
00001000	00000000	01000000	00001000	00000000	00000000
00000001	00000000	00000000	00001000	00000000	00100000
00000100	00000010	00000000	00000000	00000000	00100000
00000100	00000010	00000000	00000000	00000000	00100000
00001000	00000010	00000000	00000000	00000000	00100000
00000001	00000000	00000000	00010000	00000000	00100001
00000101	00000000	00000000	00010000	00000000	00000001
00000100	00000000	00001100	00010000	00000000	00000001
00000010	00000000	00000000	00010000	00000000	00000001
00011001	00000000	00000000	00010000	00010000	00000001
<\HS-rd4C0.05>

<HS-amp-rst4C0.05>				
00000001	00000000	00000000	00011000	00000000	00000001
00001001	00000000	00000000	00001000	10000000	00000000
00001000	00000000	01000000	00001000	00000000	00000000
00000001	00000000	00000000	00001000	00000000	00100000
00000100	00000010	00000000	00000000	00000000	00100000
00000100	00000010	00000000	00000000	00000000	00100000
00001000	00000010	00000000	00000000	00000000	00100000
00000001	00000000	00000000	00010000	00000000	00100001
00000101	00000000	00001000	00010000	00000000	00000001
00000100	00000000	00001100	00010000	00000000	00000001
00000010	00000000	00000000	00010000	00000000	00000001
00011001	00000000	00000000	00010000	00010000	00000001
<\HS-amp-rst4C0.05>				

<HBIN4C0.05>					
00000011	00000000	00000000	00001000	00000000	00000000
00000011	00000000	00000000	00000000	00000000	00100000
00010011	00000000	00000000	00010000	00000000	00000000
<\HBIN4C0.05>	

<HS4C0.033>
00000001	00000000	00000000	00011000	00000000	00000001	
00000001	00000000	00000000	00001000	00000000	00000000
00001001	00000000	00000000	00001000	10000000	00000000
00001000	00000000	00000000	00001000	10000000	00000000
00000111	00000000	00000000	00001000	10000000	00000000
00001001	00000000	01000000	00001000	00000000	00000000
00000000	00000000	00000000	00001000	00000000	00100000
00000100	00000010	00000000	00000000	00000000	00100000
00000100	00000010	00000000	00000000	00000000	00100000
00000000	00000000	00000000	00010000	00000000	00100001
00000101	00000000	00001100	00010000	00000000	00000001
00000100	00000000	00001100	00010000	00000000	00000001
00000010	00000000	00001100	00010000	00000000	00000001
00001001	00000000	00000000	00010000	00010000	00000001
00001000	00000000	00000000	00010000	00010000	00000001
00010111	00000000	00000000	00010000	00010000	00000001
<\HS4C0.033>

<HS-exp4C0.033>	
00000001	00000010	00000000	00001000	00000000	00100000				
00000001	00000010	00000000	00001000	00000000	00100000
00001001	00000010	00000000	00001000	10000000	00100000
00001000	00000010	00000000	00001000	10000000	00100000
00000111	00000010	00000000	00001000	10000000	00100000
00001001	00000010	01000000	00001000	00000000	00100000
00000000	00000010	00000000	00001000	00000000	00100000
00000100	00000010	00000000	00001000	00000000	00100000
00000100	00000010	00000000	00001000	00000000	00100000
00000000	00000010	00000000	00001000	00000000	00100000
00000101	00000010	00001100	00001000	00000000	00100000
00000100	00000010	00001100	00001000	00000000	00100000
00000010	00000010	00001100	00001000	00000000	00100000
00001001	00000010	00000000	00001000	00010000	00100000
00001000	00000010	00000000	00001000	00010000	00100000
00010111	00000010	00000000	00001000	00010000	00100000
<\HS-exp4C0.033>				
					
SIIBSSSS 	SSI-ISR- 	-AFAAD-- 	R--RR--M 	D-FD---F 	SSR-C-PS
441 PPPP     	123 23S  	 D DMS   	   31  U 	S IS   R 	CC2 T XW
    1234     	      T  	 S  PR   	       X 	P RN   A 	51  G L
<HS-rd-clk4C0.033>
00000001	00000000	00000000	00011000	00000000	00000001					
00000001	00000000	00000000	00001000	00000000	00000000
00001001	00000000	00000000	00001000	10000000	00000000
00001000	00000000	00000000	00001000	10000000	00000000
00000111	00000000	00000000	00001000	10000000	00000000
00001001	00000000	01000000	00001000	00000000	00000010
00000000	00000000	00000000	00001000	00000000	00100000
00000100	00000010	00000000	00000000	00000000	00100000
00000100	00000010	00000000	00000000	00000000	00100000
00000000	00000000	00000000	00010000	00000000	00100001
00000101	00000000	00001100	00010000	00000000	00000001
00000100	00000000	00001100	00010000	00000000	00000001
00000010	00000000	00001100	00010000	00000000	00000001
00001001	00000000	00000000	00010000	00010000	00000001
00001000	00000000	00000000	00010000	00010000	00000001
00010111	00000000	00000000	00010000	00010000	00000001
<\HS-rd-clk4C0.033>
			
<HS-rd4C0.033>	
00000001	00000000	00000000	00011000	00000000	00000001			
00000001	00000000	00000000	00001000	00000000	00000000
00001001	00000000	00000000	00001000	10000000	00000000
00001000	00000000	00000000	00001000	10000000	00000000
00000111	00000000	00000000	00001000	10000000	00000000
00001001	00000000	01000000	00001000	00000000	00000000
00000000	00000000	00000000	00001000	00000000	00100000
00000100	00000010	00000000	00000000	00000000	00100000
00000100	00000010	00000000	00000000	00000000	00100000
00000000	00000000	00000000	00010000	00000000	00100001
00000101	00000000	00001100	00010000	00000000	00000001
00000100	00000000	00001100	00010000	00000000	00000001
00000010	00000000	00001100	00010000	00000000	00000001
00001001	00000000	00000000	00010000	00010000	00000001
00001000	00000000	00000000	00010000	00010000	00000001
00010111	00000000	00000000	00010000	00010000	00000001
<\HS-rd4C0.033>

<HS-amp-rst4C0.033>	
00000001	00000000	00000000	00011000	00000000	00000001			
00000001	00000000	00000000	00001000	00000000	00000000
00001001	00000000	00000000	00001000	10000000	00000000
00001000	00000000	00000000	00001000	10000000	00000000
00000111	00000000	00000000	00001000	10000000	00000000
00001001	00000000	01000000	00001000	00000000	00000000
00000000	00000000	00000000	00001000	00000000	00100000
00000100	00000010	00000000	00000000	00000000	00100000
00000100	00000010	00000000	00000000	00000000	00100000
00000000	00000000	00000000	00010000	00000000	00100001
00000101	00000000	00001100	00010000	00000000	00000001
00000100	00000000	00001100	00010000	00000000	00000001
00000010	00000000	00001100	00010000	00000000	00000001
00001001	00000000	00000000	00010000	00010000	00000001
00001000	00000000	00000000	00010000	00010000	00000001
00010111	00000000	00000000	00010000	00010000	00000001
<\HS-amp-rst4C0.033>				

<HBIN4C0.033>					
00000011	00000000	00000000	00001000	00000000	00000000
00000011	00000000	00000000	00001000	00000000	00000000
00000011	00000000	00000000	00000000	00000000	00100000
00010011	00000000	00000000	00010000	00000000	00000000
<\HBIN4C0.033>	

<ET-KC>				
00100111	11001000	00100000	00010001	00000000	00001000
00100111	11001000	00100000	00010001	00000000	00001000
00100111	11001000	00100000	00010001	00000000	00001000
00110111	11001000	00100000	00010001	00000000	00001000
00100111	10000010	00001000	00001001	00000000	00101000
00100111	10000010	00001000	00001001	00000000	00101000
00100111	10000010	00001000	00001001	00000000	00101000
00000111	01001000	00001000	00001001	00000000	00101000
00000111	01001000	00000000	00001001	00000000	00101000
00000111	01001000	00000000	00001001	00000000	00101000
00000111	01001000	00000000	00001001	00000000	00101000
00110111	11001000	00000000	00001001	00000000	00101000
00100111	11001010	00000000	10000001	00000000	00101000
00100111	11001010	00000000	00000001	00000000	00101000
00100111	11001000	00100000	00010001	00000000	00001000
00110111	11001000	00100000	00010001	00000000	00001000
00100000	11001010	00000000	10000001	00000000	10101000
00100000	11001010	00000000	00000001	00000000	10101000
00100000	11001000	00100000	00010001	00000000	00001000
00100000	11001000	00100000	00010001	00000000	00000000
00100000	11001000	00100000	00010001	00000000	00000000
00100000	11001000	00000000	00001001	00000000	00000000
00100000	11001000	00000000	00001001	00000000	00001000
00110000	11001000	00000000	10001001	00000000	00001000
<\ET-KC>				