P04B87_2a.txt derived from P04B87_2C
For iXon 87BI (5 MHz with Datel 1405).




SIIBSSSS 	SSI-ISR- 	--H-A-D- 	HC-RR--M 	--F----F 	SSR-C-P-
441 PPPP     	123 23S  	  V M M  	VG 31  U 	  I    R 	CC2 G X
    3210     	      T  	  F P P  	R3     X 	  R    A 	23  2 L
<VS-st>
11100000	00101110	00000000	00001001	00000000	00101000
11100000	00101010	00000000	00001001	00000000	00101000
11100000	10101010	00000000	00001001	00000000	00101000
01100000	10101000	00000000	00001001	00000000	00101000
01100000	11101000	00000000	00001001	00000000	00101000
01100000	01101000	00000000	00001001	00000000	00101000
01100000	01101100	00000000	00001001	00000000	00101000
11110000	11101100	00000000	00001001	00000000	00101000	
<\VS-st>

<VS-all>
11000000	00100110	00000000	10001001	00000000	00101000
11000000	00000010	00100000	00001001	00000000	00101000
11100000	10000010	00000000	10001001	00000000	00101000
00100000	10000000	00100000	00001001	00000000	00101000
00100000	11001000	00000000	10001001	00000000	00101000
00000000	01001000	00100000	00001001	00000000	00101000
00000000	01101100	00000000	10001001	00000000	00101000
11110000	11101100	00100000	00001001	00000000	00101000
<\VS-all>

<VH>
11100000	11101100	00000000	00001001	00000000	00101000
11100000	11101100	00000000	00001001	00000000	00101000
11100000	11101100	00000000	00001001	00000000	00101000
11110000	11101100	00000000	00001001	00000000	00101000
<\VH>

<HV>
11100000	11101100	00000000	00001001	00000000	00101000
11100000	11101100	00000000	00001001	00000000	00101000
11100000	11101100	00000000	00001001	00000000	00101000
11110000	11101100	00000000	00001001	00000000	00101000
<\HV>



****************************************************************************************
5MHz starts here.

SIIBSSSS 	SSI-ISR- 	--H-A-D- 	HC-RR--M 	--F----F 	SSR-C-P-
441 PPPP     	123 23S  	  V M M  	VG 31  U 	  I    R 	CC2 G X
    3210     	      T  	  F P P  	R3     X 	  R    A 	23  2 L
<HS2a5>
11100000	11101110	00000000	00001001	00000000	10101000
11100000	11101110	00000000	00000001	00000000	10101000
11100000	11101100	00100000	00010001	00000000	00101000
11100000	11101100	00000000	00010001	00000000	00001000
11100000	11101100	00000000	00010001	00000000	00000000
11100000	11101100	00000000	10001001	00000000	00000000
11100000	11101100	00000000	00001001	00000000	00001000
11110000	11101100	00000000	00001001	00000000	00001000
<\HS2a5>

<HS-exp2a5>
11100000	11101110	00000000	00001001	00000000	10101000
11100000	11101110	00000000	00000001	00000000	10101000
11100000	11101100	00100000	00010001	00000000	00101000
11100000	11101100	00001000	00010001	00000000	00001000
11100000	11101100	00000000	00010001	00000000	00000000
11100000	11101100	00000000	10001001	00000000	00000000
11100000	11101100	00000000	00001001	00000000	00001000
11110000	11101100	00000000	00001001	00000000	00001000
<\HS-exp2a5>

<HS-rd-clk2a5>
11100000	11101110	00000000	00001001	00000000	10101000
11100000	11101110	00000000	00000001	00000000	10101000
11100000	11101100	00100000	00010001	00000000	00101000
11100000	11101100	00000000	00010001	00000000	00001010
11100000	11101100	00000000	00010001	00000000	00000000
11100000	11101100	00000000	10001001	00000000	00000000
11100000	11101100	00000000	00001001	00000000	00001000
11110000	11101100	00000000	00001001	00000000	00001000
<\HS-rd-clk2a5>

SIIBSSSS 	SSI-ISR- 	--H-A-D- 	HC-RR--M 	--F----F 	SSR-C-P-
441 PPPP     	123 23S  	  V M M  	VG 31  U 	  I    R 	CC2 G X
    3210     	      T  	  F P P  	R3     X 	  R    A 	23  2 L
<HS-rd2a5>
11100000	11101110	00000000	00001001	00000000	10101000
11100000	11101110	00000000	00000001	00000000	10101000
11100000	11101100	00100000	00010001	00000000	00101000
11100000	11101100	00000000	00010001	00000000	00001000
11100000	11101100	00000000	00010001	00000000	00000000
11100000	11101100	00000000	10001001	00000000	00000000
11100000	11101100	00000000	00001001	00000000	00001000
11110000	11101100	00000000	00001001	00000000	00001000
<\HS-rd2a5>

<HS-amp-rst2a5>
11100000	11101110	00000000	00001001	00000000	10101000
11100000	11101110	00000000	00000001	00000000	10101000
11100000	11101100	00100000	00010001	00000000	00101000
11100000	11101100	00001000	00010001	00000000	00001000
11100000	11101100	00000000	00010001	00000000	00000000
11100000	11101100	00000000	10001001	00000000	00000000
11100000	11101100	00000000	00001001	00000000	00001000
11110000	11101100	00000000	00001001	00000000	00001000
<\HS-amp-rst2a5>

<HBIN2a5>
11100000	11101100	00000000	00001001	00000000	00101000
11100000	11101100	00000000	00000001	00000000	00101000
11100000	11101100	00100000	00010001	00000000	00101000
11100000	11101100	00000000	00010001	00000000	00001000
11100000	11101100	00000000	00010001	00000000	00001000
11100000	11101100	00000000	10001001	00000000	00001000
11100000	11101100	00000000	00001001	00000000	00001000
11110000	11101100	00000000	00001001	00000000	00001000
<\HBIN2a5>


