2 phase device with I1=I2, I3=I4, S1=S2, S3=S4
Full IMO pattern.
Important for horz clks to have 90% overlap, if not done in pattern then in verniers.
PDT is used to generate delay for better hole transport in BIs (set to min for FI).
VS-st and VS-all are the same (non-FT).
Turning off horz clocks during exposure at higher speeds to
stop 'background dark signal' and 'glow'.

SIIBSSSS 	SSI-ISR- 	--H-A-D- 	HC-RR--M 	--F----F 	SSR-C-P-
441 PPPP     	123 23S  	  V M M  	VG 31  U 	  I    R 	CC2 G X
    3210     	      T  	  F P P  	R3     X 	  R    A 	23  2 L
<VS-st>
00100000	00001010	00000000	00001001	00000000	00101000
00100000	00001010	00000000	00001001	00000000	00101000
01100000	00101010	00000000	00001001	00000000	00101000
01100000	00101010	00000000	00001001	00000000	00101000
01000000	00100010	00001000	01001001	00000000	00101000
01010000	00100010	00000000	00001001	00000000	00101000
<\VS-st>					
					
<VS-all>	
00100000	00001010	00000000	00001001	00000000	00101000
00100000	00001010	00000000	00001001	00000000	00101000
01100000	00101010	00000000	00001001	00000000	00101000
01100000	00101010	00100000	00001001	00000000	00101000
01000000	00100010	00001000	01001001	00000000	00101000
01010000	00100010	00000000	00001001	00000000	00101000
<\VS-all>				

<PDT>
01001001	00100000	00000000	00001001	00000000	00101000
01000000	00100000	00000000	00001001	00000000	00101000
01000000	00100000	00000000	00001001	00000000	00101000
01010000	00100000	00000000	00001001	00000000	00101000
<\PDT>

<HV>					
00000000	00000000	00000000	00001001	00000000	00101000
00000000	00000000	00000000	00001001	00000000	00101000
00000000	00000000	00000000	00001001	00000000	00101000
00010000	00000000	00000000	00001001	00000000	00101000
<\HV>

<VH>					
00000000	00000000	00000000	00001001	00000000	00101000
00000000	00000000	00000000	00001001	00000000	00101000
00000000	00000000	00000000	00001001	00000000	00101000
00010000	00000000	00000000	00001001	00000000	00101000
<\VH>				


****************************************************************************************
2.5MHz Starts Here
SIIB---- 	SSI-ISR- 	-PF-AD-- 	RC-RR--M 	D-FD---F 	SSR-C-P-
441      	123 23S  	 E  MS   	 D 31  U 	S IS   R 	CC2 T X
		      T		 N  PR		 S		P RN   A	    G L

<HS4G2.5>	
00000000	00000000	00000000	00001000	00000000	00000000
00000000	00000000	00000000	00001000	00000000	00000000
00000000	00000000	00000000	10001000	00000000	00000000
00000000	00000000	00000000	00001000	00000000	10000000
00000000	00000000	00000000	00001000	00000000	10000000
00000000	00000000	00000000	00001000	00000000	10000000
00000000	00000000	00000000	00001000	00000000	10100000
00000000	00000010	00000000	00000000	00000000	00100000
00000000	00000000	00000000	00010000	00000000	00100000
00000000	00000000	00100000	00010000	00000000	00000000
00000000	00000000	00001000	01010000	00000000	00000000
00000000	00000000	00001000	01010000	00000000	10000000
00000000	00000000	00000000	01010000	00000000	10000000
00000000	00000000	00000000	00010000	00000000	10000000
00000000	00000000	00000000	00011000	00000000	10000000
00010000	00000000	00000000	00001000	00000000	00000000
<\HS4G2.5>

<HS-exp4G2.5>					
00000000	00000000	00000000	00001000	00000000	00100000
00000000	00000000	00000000	00001000	00000000	00100000
00000000	00000000	00000000	10001000	00000000	00100000
00000000	00000000	00000000	00001000	00000000	10100000
00000000	00000000	00000000	00001000	00000000	10100000
00000000	00000000	00000000	00001000	00000000	10100000
00000000	00000000	00000000	00001000	00000000	10100000
00000000	00000010	00000000	00001000	00000000	00100000
00000000	00000000	00000000	00001000	00000000	00100000
00000000	00000000	00100000	00001000	00000000	00100000
00000000	00000000	00001000	01001000	00000000	00100000
00000000	00000000	00001000	01001000	00000000	10100000
00000000	00000000	00000000	01001000	00000000	10100000
00000000	00000000	00000000	00001000	00000000	10100000
00000000	00000000	00000000	00001000	00000000	10100000
00010000	00000000	00000000	00001000	00000000	00100000
<\HS-exp4G2.5>				
					
SIIB---- 	SSI-ISR- 	-PF-AD-- 	RC-RR--M 	D-FD---F 	SSR-C-P-
441      	123 23S  	 E  MS   	 D 31  U 	S IS   R 	CC2 T X
		      T		 N  PR		 S		P RN   A	    G L
<HS-rd-clk4G2.5>
00000000	00000000	00000000	00001000	00000000	00000000
00000000	00000000	00000000	00001000	00000000	00000010
00000000	00000000	00000000	10001000	00000000	00000000
00000000	00000000	00000000	00001000	00000000	10000000
00000000	00000000	00000000	00001000	00000000	10000000
00000000	00000000	00000000	00001000	00000000	10000000
00000000	00000000	00000000	00001000	00000000	10100000
00000000	00000010	00000000	00000000	00000000	00100000
00000000	00000000	00000000	00010000	00000000	00100000
00000000	00000000	00100000	00010000	00000000	00000000
00000000	00000000	00001000	01010000	00000000	00000010
00000000	00000000	00001000	01010000	00000000	10000000
00000000	00000000	00000000	01010000	00000000	10000000
00000000	00000000	00000000	00010000	00000000	10000000
00000000	00000000	00000000	00011000	00000000	10000000
00010000	00000000	00000000	00001000	00000000	00000000
<\HS-rd-clk4G2.5>	
					
<HS-rd4G2.5>				
00000000	00000000	00000000	00001000	00000000	00000000
00000000	00000000	00000000	00001000	00000000	00000000
00000000	00000000	00000000	10001000	00000000	00000000
00000000	00000000	00000000	00001000	00000000	10000000
00000000	00000000	00000000	00001000	00000000	10000000
00000000	00000000	00000000	00001000	00000000	10000000
00000000	00000000	00000000	00001000	00000000	10100000
00000000	00000010	00000000	00000000	00000000	00100000
00000000	00000000	00000000	00010000	00000000	00100000
00000000	00000000	00100000	00010000	00000000	00000000
00000000	00000000	00001000	01010000	00000000	00000000
00000000	00000000	00001000	01010000	00000000	10000000
00000000	00000000	00000000	01010000	00000000	10000000
00000000	00000000	00000000	00010000	00000000	10000000
00000000	00000000	00000000	00011000	00000000	10000000
00010000	00000000	00000000	00001000	00000000	00000000
<\HS-rd4G2.5>				

<HS-amp-rst4G2.5>				
00000000	00000000	00000000	00001000	00000000	00000000
00000000	00000000	00000000	00001000	00000000	00000000
00000000	00000000	00000000	10001000	00000000	00000000
00000000	00000000	00000000	00001000	00000000	10000000
00000000	00000000	00000000	00001000	00000000	10000000
00000000	00000000	00000000	00001000	00000000	10000000
00000000	00000000	00000000	00001000	00000000	10100000
00000000	00000010	00000000	00000000	00000000	00100000
00000000	00000000	00000000	00010000	00000000	00100000
00000000	00000000	00100000	00010000	00000000	00000000
00000000	00000000	00001000	01010000	00000000	00000000
00000000	00000000	00001000	01010000	00000000	10000000
00000000	00000000	00000000	01010000	00000000	10000000
00000000	00000000	00000000	00010000	00000000	10000000
00000000	00000000	00000000	00011000	00000000	10000000
00010000	00000000	00000000	00001000	00000000	00000000
<\HS-amp-rst4G2.5>				

<HBIN4G2.5>					
00000000	00000000	00000000	10001000	00000000	00000000
00000000	00000000	00000000	00001000	00000000	00100000
00000000	00000000	00000000	00000000	00000000	00100000
00000000	00000000	00000000	00010000	00000000	00100000
00000000	00000000	00000000	00010000	00000000	00000000
00000000	00000000	00100000	00010000	00000000	00000000
00000000	00000000	00000000	00011000	00000000	00000000
00010000	00000000	00000000	00001000	00000000	00000000
<\HBIN4G2.5>	


****************************************************************************************
1MHz Starts Here
SIIB---- 	SSI-ISR- 	-PF-AD-- 	RC-RR--M 	D-FD---F 	SSR-C-P-
441      	123 23S  	 E  MS   	 D 31  U 	S IS   R 	CC2 T X
		      T		 N  PR		 S		P RN   A	    G L

<HS4G1>	
00000000	00000000	00000000	00001000	00000000	00000000
00000000	00000000	00000000	00001000	00000000	00000000
00000000	00000000	00000000	00001000	00000000	00000000
00000100	00000000	00000000	00001000	00000000	10000000
00000011	00000000	00000000	10001000	00000000	10000000
00000000	00000000	00000000	00001000	00000000	10000000
00000000	00000000	00000000	00001000	00000000	10100000
00000000	00000010	00000000	00000000	00000000	00100000
00000000	00000000	00000000	00010000	00000000	00100000
00000000	00000000	00100000	00010000	00000000	00000000
00000000	00000000	00001000	01010000	00000000	00000000
00000000	00000000	00001000	01010000	00000000	10000000
00000100	00000000	00000000	01010000	00000000	10000000
00000000	00000000	00000000	00010000	00000000	10000000
00000000	00000000	00000000	00011000	00000000	10000000
00010011	00000000	00000000	00001000	00000000	00000000
<\HS4G1>

<HS-exp4G1>					
00000000	00000000	00000000	00001000	00000000	00100000
00000000	00000000	00000000	00001000	00000000	00100000
00000000	00000000	00000000	00001000	00000000	00100000
00000100	00000000	00000000	00001000	00000000	10100000
00000011	00000000	00000000	10001000	00000000	10100000
00000000	00000000	00000000	00001000	00000000	10100000
00000000	00000000	00000000	00001000	00000000	10100000
00000000	00000010	00000000	00001000	00000000	00100000
00000000	00000000	00000000	00001000	00000000	00100000
00000000	00000000	00100000	00001000	00000000	00100000
00000000	00000000	00001000	01001000	00000000	00100000
00000000	00000000	00001000	01001000	00000000	10100000
00000100	00000000	00000000	01001000	00000000	10100000
00000000	00000000	00000000	00001000	00000000	10100000
00000000	00000000	00000000	00001000	00000000	10100000
00010011	00000000	00000000	00001000	00000000	00100000
<\HS-exp4G1>				
					
SIIB---- 	SSI-ISR- 	-PF-AD-- 	RC-RR--M 	D-FD---F 	SSR-C-P-
441      	123 23S  	 E  MS   	 D 31  U 	S IS   R 	CC2 T X
		      T		 N  PR		 S		P RN   A	    G L
<HS-rd-clk4G1>
00000000	00000000	00000000	00001000	00000000	00000000
00000000	00000000	00000000	00001000	00000000	00000010
00000000	00000000	00000000	00001000	00000000	00000000
00000100	00000000	00000000	00001000	00000000	10000000
00000011	00000000	00000000	10001000	00000000	10000000
00000000	00000000	00000000	00001000	00000000	10000000
00000000	00000000	00000000	00001000	00000000	10100000
00000000	00000010	00000000	00000000	00000000	00100000
00000000	00000000	00000000	00010000	00000000	00100000
00000000	00000000	00100000	00010000	00000000	00000000
00000000	00000000	00001000	01010000	00000000	00000010
00000000	00000000	00001000	01010000	00000000	10000000
00000100	00000000	00000000	01010000	00000000	10000000
00000000	00000000	00000000	00010000	00000000	10000000
00000000	00000000	00000000	00011000	00000000	10000000
00010011	00000000	00000000	00001000	00000000	00000000
<\HS-rd-clk4G1>	
					
<HS-rd4G1>				
00000000	00000000	00000000	00001000	00000000	00000000
00000000	00000000	00000000	00001000	00000000	00000000
00000000	00000000	00000000	00001000	00000000	00000000
00000100	00000000	00000000	00001000	00000000	10000000
00000011	00000000	00000000	10001000	00000000	10000000
00000000	00000000	00000000	00001000	00000000	10000000
00000000	00000000	00000000	00001000	00000000	10100000
00000000	00000010	00000000	00000000	00000000	00100000
00000000	00000000	00000000	00010000	00000000	00100000
00000000	00000000	00100000	00010000	00000000	00000000
00000000	00000000	00001000	01010000	00000000	00000000
00000000	00000000	00001000	01010000	00000000	10000000
00000100	00000000	00000000	01010000	00000000	10000000
00000000	00000000	00000000	00010000	00000000	10000000
00000000	00000000	00000000	00011000	00000000	10000000
00010011	00000000	00000000	00001000	00000000	00000000
<\HS-rd4G1>				

<HS-amp-rst4G1>				
00000000	00000000	00000000	00001000	00000000	00000000
00000000	00000000	00000000	00001000	00000000	00000000
00000000	00000000	00000000	00001000	00000000	00000000
00000100	00000000	00000000	00001000	00000000	10000000
00000011	00000000	00000000	10001000	00000000	10000000
00000000	00000000	00000000	00001000	00000000	10000000
00000000	00000000	00000000	00001000	00000000	10100000
00000000	00000010	00000000	00000000	00000000	00100000
00000000	00000000	00000000	00010000	00000000	00100000
00000000	00000000	00100000	00010000	00000000	00000000
00000000	00000000	00001000	01010000	00000000	00000000
00000000	00000000	00001000	01010000	00000000	10000000
00000100	00000000	00000000	01010000	00000000	10000000
00000000	00000000	00000000	00010000	00000000	10000000
00000000	00000000	00000000	00011000	00000000	10000000
00010011	00000000	00000000	00001000	00000000	00000000
<\HS-amp-rst4G1>				

<HBIN4G1>					
00000000	00000000	00000000	10001000	00000000	00000000
00000000	00000000	00000000	00000000	00000000	00100000
00000000	00000000	00000000	00000000	00000000	00100000
00000000	00000000	00000000	00000000	00000000	00100000
00000000	00000000	00000000	00010000	00000000	00000000
00000000	00000000	00100000	00010000	00000000	00000000
00000000	00000000	00000000	00011000	00000000	00000000
00010000	00000000	00000000	00001000	00000000	00000000
<\HBIN4G1>	

****************************************************************************************
2.5MHz Conventional starts here
SIIB---- 	SSI-ISR- 	-PF-AD-- 	RC-RR--M 	D-FD---F 	SSR-C-P-
441      	123 23S  	 E  MS   	 D 31  U 	S IS   R 	CC2 T X
		      T		 N  PR		 S		P RN   A	    G L

<HS4G2.5-HR>	
00000000	00000000	00000000	00000000	00000000	00100000
00000000	00000000	00000000	00000000	00000000	00100000
00000000	00000000	00000000	00000000	00000000	00100000
00000000	00000000	00000000	00000000	00000000	10100000
00000000	00000000	00000000	00000000	00000000	10100000
00000000	00000000	00000000	00000000	00000000	10100000
00000000	00000000	00000000	00001000	00000000	10100000
00000000	00000010	00000000	00001000	00000000	00000000
00000000	00000000	00000000	00011000	00000000	00000000
00000000	00000000	00001000	00010000	00000000	00000000
00000000	00000000	00001000	01010000	00000000	00000000
00000000	00000000	00001000	01010000	00000000	10000000
00000000	00000000	00000000	01010000	00000000	10000000
00000000	00000000	00000000	00010000	00000000	10000000
00000000	00000000	00000000	00010000	00000000	10100000
00010000	00000000	00000000	00000000	00000000	00100000
<\HS4G2.5-HR>

<HS-exp4G2.5-HR>					
00000000	00000000	00000000	00001000	00000000	00100000
00000000	00000000	00000000	00001000	00000000	00100000
00000000	00000000	00000000	00001000	00000000	00100000
00000000	00000000	00000000	00001000	00000000	10100000
00000000	00000000	00000000	00001000	00000000	10100000
00000000	00000000	00000000	00001000	00000000	10100000
00000000	00000000	00000000	00001000	00000000	10100000
00000000	00000010	00000000	00001000	00000000	00100000
00000000	00000000	00000000	00001000	00000000	00100000
00000000	00000000	00001000	00001000	00000000	00100000
00000000	00000000	00001000	01001000	00000000	00100000
00000000	00000000	00001000	01001000	00000000	10100000
00000000	00000000	00000000	01001000	00000000	10100000
00000000	00000000	00000000	00001000	00000000	10100000
00000000	00000000	00000000	00001000	00000000	10100000
00010000	00000000	00000000	00001000	00000000	00100000
<\HS-exp4G2.5-HR>				
					
SIIB---- 	SSI-ISR- 	-PF-AD-- 	RC-RR--M 	D-FD---F 	SSR-C-P-
441      	123 23S  	 E  MS   	 D 31  U 	S IS   R 	CC2 T X
		      T		 N  PR		 S		P RN   A	    G L
<HS-rd-clk4G2.5-HR>
00000000	00000000	00000000	00000000	00000000	00100000
00000000	00000000	00000000	00000000	00000000	00100010
00000000	00000000	00000000	00000000	00000000	00100000
00000000	00000000	00000000	00000000	00000000	10100000
00000000	00000000	00000000	00000000	00000000	10100000
00000000	00000000	00000000	00000000	00000000	10100000
00000000	00000000	00000000	00001000	00000000	10100000
00000000	00000010	00000000	00001000	00000000	00000000
00000000	00000000	00000000	00011000	00000000	00000000
00000000	00000000	00001000	00010000	00000000	00000000
00000000	00000000	00001000	01010000	00000000	00000010
00000000	00000000	00001000	01010000	00000000	10000000
00000000	00000000	00000000	01010000	00000000	10000000
00000000	00000000	00000000	00010000	00000000	10000000
00000000	00000000	00000000	00010000	00000000	10100000
00010000	00000000	00000000	00000000	00000000	00100000
<\HS-rd-clk4G2.5-HR>	
					
<HS-rd4G2.5-HR>				
00000000	00000000	00000000	00000000	00000000	00100000
00000000	00000000	00000000	00000000	00000000	00100000
00000000	00000000	00000000	00000000	00000000	00100000
00000000	00000000	00000000	00000000	00000000	10100000
00000000	00000000	00000000	00000000	00000000	10100000
00000000	00000000	00000000	00000000	00000000	10100000
00000000	00000000	00000000	00001000	00000000	10100000
00000000	00000010	00000000	00001000	00000000	00000000
00000000	00000000	00000000	00011000	00000000	00000000
00000000	00000000	00001000	00010000	00000000	00000000
00000000	00000000	00001000	01010000	00000000	00000000
00000000	00000000	00001000	01010000	00000000	10000000
00000000	00000000	00000000	01010000	00000000	10000000
00000000	00000000	00000000	00010000	00000000	10000000
00000000	00000000	00000000	00010000	00000000	10100000
00010000	00000000	00000000	00000000	00000000	00100000
<\HS-rd4G2.5-HR>				

<HS-amp-rst4G2.5-HR>				
00000000	00000000	00000000	00000000	00000000	00100000
00000000	00000000	00000000	00000000	00000000	00100000
00000000	00000000	00000000	00000000	00000000	00100000
00000000	00000000	00000000	00000000	00000000	10100000
00000000	00000000	00000000	00000000	00000000	10100000
00000000	00000000	00000000	00000000	00000000	10100000
00000000	00000000	00000000	00001000	00000000	10100000
00000000	00000010	00000000	00001000	00000000	00000000
00000000	00000000	00000000	00011000	00000000	00000000
00000000	00000000	00001000	00010000	00000000	00000000
00000000	00000000	00001000	01010000	00000000	00000000
00000000	00000000	00001000	01010000	00000000	10000000
00000000	00000000	00000000	01010000	00000000	10000000
00000000	00000000	00000000	00010000	00000000	10000000
00000000	00000000	00000000	00010000	00000000	10100000
00010000	00000000	00000000	00000000	00000000	00100000
<\HS-amp-rst4G2.5-HR>				

<HBIN4G2.5-HR>					
00000000	00000000	00000000	00000000	00000000	00100000
00000000	00000000	00000000	00001000	00000000	00100000
00000000	00000000	00000000	00001000	00000000	00000000
00000000	00000000	00000000	00011000	00000000	00000000
00000000	00000000	00000000	00010000	00000000	00000000
00000000	00000000	00000000	00010000	00000000	00000000
00000000	00000000	00000000	00010000	00000000	00100000
00010000	00000000	00000000	00000000	00000000	00100000
<\HBIN4G2.5-HR>	

****************************************************************************************
1MHz Conventional Starts Here
SIIB---- 	SSI-ISR- 	-PF-AD-- 	RC-RR--M 	D-FD---F 	SSR-C-P-
441      	123 23S  	 E  MS   	 D 31  U 	S IS   R 	CC2 T X
		      T		 N  PR		 S		P RN   A	    G L

<HS4G1-HR>	
00000000	00000000	00000000	00000000	00000000	00100000
00000000	00000000	00000000	00000000	00000000	00100000
00000000	00000000	00000000	00000000	00000000	00100000
00000100	00000000	00000000	00000000	00000000	10100000
00000011	00000000	00000000	00000000	00000000	10100000
00000000	00000000	00000000	00000000	00000000	10100000
00000000	00000000	00000000	00001000	00000000	10100000
00000000	00000010	00000000	00001000	00000000	00000000
00000000	00000000	00000000	00011000	00000000	00000000
00000000	00000000	00001000	00010000	00000000	00000000
00000000	00000000	00001000	01010000	00000000	00000000
00000000	00000000	00001000	01010000	00000000	10000000
00000100	00000000	00000000	01010000	00000000	10000000
00000000	00000000	00000000	00010000	00000000	10000000
00000000	00000000	00000000	00010000	00000000	10100000
00010011	00000000	00000000	00000000	00000000	00100000
<\HS4G1-HR>

<HS-exp4G1-HR>					
00000000	00000000	00000000	00001000	00000000	00100000
00000000	00000000	00000000	00001000	00000000	00100000
00000000	00000000	00000000	00001000	00000000	00100000
00000100	00000000	00000000	00001000	00000000	10100000
00000011	00000000	00000000	00001000	00000000	10100000
00000000	00000000	00000000	00001000	00000000	10100000
00000000	00000000	00000000	00001000	00000000	10100000
00000000	00000010	00000000	00001000	00000000	00100000
00000000	00000000	00000000	00001000	00000000	00100000
00000000	00000000	00001000	00001000	00000000	00100000
00000000	00000000	00001000	01001000	00000000	00100000
00000000	00000000	00001000	01001000	00000000	10100000
00000100	00000000	00000000	01001000	00000000	10100000
00000000	00000000	00000000	00001000	00000000	10100000
00000000	00000000	00000000	00001000	00000000	10100000
00010011	00000000	00000000	00001000	00000000	00100000
<\HS-exp4G1-HR>				
					
SIIB---- 	SSI-ISR- 	-PF-AD-- 	RC-RR--M 	D-FD---F 	SSR-C-P-
441      	123 23S  	 E  MS   	 D 31  U 	S IS   R 	CC2 T X
		      T		 N  PR		 S		P RN   A	    G L

<HS-rd-clk4G1-HR>
00000000	00000000	00000000	00000000	00000000	00100000
00000000	00000000	00000000	00000000	00000000	00100010
00000000	00000000	00000000	00000000	00000000	00100000
00000100	00000000	00000000	00000000	00000000	10100000
00000011	00000000	00000000	00000000	00000000	10100000
00000000	00000000	00000000	00000000	00000000	10100000
00000000	00000000	00000000	00001000	00000000	10100000
00000000	00000010	00000000	00001000	00000000	00000000
00000000	00000000	00000000	00011000	00000000	00000000
00000000	00000000	00001000	00010000	00000000	00000000
00000000	00000000	00001000	01010000	00000000	00000010
00000000	00000000	00001000	01010000	00000000	10000000
00000100	00000000	00000000	01010000	00000000	10000000
00000000	00000000	00000000	00010000	00000000	10000000
00000000	00000000	00000000	00010000	00000000	10100000
00010011	00000000	00000000	00000000	00000000	00100000
<\HS-rd-clk4G1-HR>	
					
<HS-rd4G1-HR>				
00000000	00000000	00000000	00000000	00000000	00100000
00000000	00000000	00000000	00000000	00000000	00100000
00000000	00000000	00000000	00000000	00000000	00100000
00000100	00000000	00000000	00000000	00000000	10100000
00000011	00000000	00000000	00000000	00000000	10100000
00000000	00000000	00000000	00000000	00000000	10100000
00000000	00000000	00000000	00001000	00000000	10100000
00000000	00000010	00000000	00001000	00000000	00000000
00000000	00000000	00000000	00011000	00000000	00000000
00000000	00000000	00001000	00010000	00000000	00000000
00000000	00000000	00001000	01010000	00000000	00000000
00000000	00000000	00001000	01010000	00000000	10000000
00000100	00000000	00000000	01010000	00000000	10000000
00000000	00000000	00000000	00010000	00000000	10000000
00000000	00000000	00000000	00010000	00000000	10100000
00010011	00000000	00000000	00000000	00000000	00100000
<\HS-rd4G1-HR>				

<HS-amp-rst4G1-HR>				
00000000	00000000	00000000	00000000	00000000	00100000
00000000	00000000	00000000	00000000	00000000	00100000
00000000	00000000	00000000	00000000	00000000	00100000
00000100	00000000	00000000	00000000	00000000	10100000
00000011	00000000	00000000	00000000	00000000	10100000
00000000	00000000	00000000	00000000	00000000	10100000
00000000	00000000	00000000	00001000	00000000	10100000
00000000	00000010	00000000	00001000	00000000	00000000
00000000	00000000	00000000	00011000	00000000	00000000
00000000	00000000	00001000	00010000	00000000	00000000
00000000	00000000	00001000	01010000	00000000	00000000
00000000	00000000	00001000	01010000	00000000	10000000
00000100	00000000	00000000	01010000	00000000	10000000
00000000	00000000	00000000	00010000	00000000	10000000
00000000	00000000	00000000	00010000	00000000	10100000
00010011	00000000	00000000	00000000	00000000	00100000
<\HS-amp-rst4G1-HR>				

<HBIN4G1-HR>					
00000000	00000000	00000000	00000000	00000000	00100000
00000000	00000000	00000000	00001000	00000000	00100000
00000000	00000000	00000000	00001000	00000000	00000000
00000000	00000000	00000000	00011000	00000000	00000000
00000000	00000000	00000000	00010000	00000000	00000000
00000000	00000000	00000000	00010000	00000000	00000000
00000000	00000000	00000000	00010000	00000000	00100000
00010000	00000000	00000000	00000000	00000000	00100000
<\HBIN4G1-HR>

****************************************************************************************
END OF FILE
