FileVersion=3
P04Z_4E.txtChanged to reduce time for external trigger & reduce minimum exposure time. 081106 - MAB
P04Z_4E.txt - changed by IMCC to correct cap. VR (nee DSI reset) also reset at it was incorrect.
Although not used, it is used as a debug (T22 analogue board). Currently being set to match preexp - MAB



Following section is CAP=0
--CB---- 	--C-L--- 	-S---V-- 	---CR--- 	V--V---- 	------P-
  L      	  A S    	 C   R  	   L1    	R  L     	      X
  K      	  P Y    	        	   K     	         	      L
<PREEXP4E0.1>
00000011	00000000	00000100	00000000	10000000	00000000
00000010	00000000	00000100	00000000	10000000	00000000
00100011	00001000	00000100	00010000	10000000	00000000
00100010	00001000	00000100	00010000	10000000	00000000
00000011	00001000	00000100	00000000	10000000	00000000
00000010	00001000	00000100	00000000	10000000	00000000
00100011	00001000	00000100	00010000	10000000	00000000
00100010	00001000	00000100	00010000	10000000	00000000
00000011	00001000	00000100	00000000	10000000	00000000
00000010	00001000	00000100	00000000	10000000	00000000
00100011	00001000	00000100	00010000	10000000	00000000
00100010	00001000	00000100	00010000	10000000	00000000
00000011	00001000	00000100	00000000	10000000	00000000
00000010	00001000	00000100	00000000	10000000	00000000
00100011	00001000	00000100	00010000	10000000	00000000
00100010	00001000	00000100	00010000	10000000	00000000
00000011	00001000	00000100	00000000	10000000	00000000
00000010	00001000	00000100	00000000	10000000	00000000
00100011	00001000	00000100	00010000	10000000	00000000
00100010	00001000	00000100	00010000	10000000	00000000
00000011	00001000	00000100	00000000	10000000	00000000
00000010	00001000	00000100	00000000	10000000	00000000
00100011	00001000	00000100	00010000	10000000	00000000
00110010	00001000	00000100	00010000	10000000	00000000
<\PREEXP4E0.1>					
--CB---- 	--C-L--- 	-S---V-- 	---CR--- 	V--V---- 	------P-
  L      	  A S    	 C   R  	   L1    	R  L     	      X
  K      	  P Y    	        	   K     	         	      L
<HS-exp4E0.1>					
00000000	00001000	00000000	00000000	10000000	00000000
00000010	00001000	00000000	00000000	10000000	00000000
00100000	00001000	00000000	00010000	10000000	00000000
00110010	00001000	00000000	00010000	10000000	00000000
<\HS-exp4E0.1>		
--CB---- 	--C-L--- 	-S---V-- 	---CR--- 	V--V---- 	------P-
  L      	  A S    	 C   R  	   L1    	R  L     	      X
  K      	  P Y    	        	   K     	         	      L
<POSTEXP4E0.1>					
00000011	00001000	00000000	00000000	10000000	00000000
00000010	00001000	00000000	00000000	10000000	00000000
00100011	00000000	00000000	00010000	10000000	00000000
00100010	00000000	00000000	00010000	10000000	00000000
00000011	00000000	00000000	00000000	10000000	00000000
00000010	00000000	00000000	00000000	10000000	00000000
00100011	00000000	00000000	00010000	10000000	00000000
00100010	00000000	00000000	00010000	10000000	00000000
00000011	00000000	00000000	00000000	10000000	00000000
00000010	00000000	00000000	00000000	10000000	00000000
00100011	00000000	00000000	00010000	10000000	00000000
00110010	00000000	00000000	00010000	10000000	00000000
<\POSTEXP4E0.1>
--CB---- 	--C-L--- 	-S---V-- 	---CR--- 	V--V---- 	------P-
  L      	  A S    	 C   R  	   L1    	R  L     	      X
  K      	  P Y    	        	   K     	         	      L
<HS-Start-clk4E0.1>
00001000	00000000	00000000	00000000	10000000	00000000
00001001	00000000	01000000	00000000	10000000	00000000
00000011	00000000	00000000	00000000	10000000	00000000
00000100	00000000	00000000	00000000	10000000	00000000
00001000	00000000	00000000	00000000	00010000	00000000
00001001	00000000	01000000	00000000	00010000	00000000
00000011	00000000	00000000	00000000	00010000	00000000
00000100	00000000	00000000	00000000	00010000	00000000
00101000	00000000	00000000	00010000	10000000	00000000
00101001	00000000	01000000	00010000	10000000	00000000
00100011	00000000	00000000	00010000	10000000	00000000
00100100	00000000	00000000	00010000	10000000	00000000
00101000	00000000	00000000	00010000	00010000	00000000
00101001	00000000	01000000	00010000	00010000	00000010
00100011	00000000	00000000	00010000	00010000	00000000
00110100	00000000	00000000	00010000	00010000	00000000
<\HS-rd-clk4E0.1>
--CB---- 	--C-L--- 	-S---V-- 	---CR--- 	V--V---- 	------P-
  L      	  A S    	 C   R  	   L1    	R  L     	      X
  K      	  P Y    	        	   K     	         	      L
<HS-rd-clk4E0.1>
00001000	00000000	00000000	00000000	10000000	00000000
00001001	00000000	01000000	00000000	10000000	00000010
00000011	00000000	00000000	00000000	10000000	00000000
00000100	00000000	00000000	00000000	10000000	00000000
00001000	00000000	00000000	00000000	00010000	00000000
00001001	00000000	01000000	00000000	00010000	00000010
00000011	00000000	00000000	00000000	00010000	00000000
00000100	00000000	00000000	00000000	00010000	00000000
00101000	00000000	00000000	00010000	10000000	00000000
00101001	00000000	01000000	00010000	10000000	00000010
00100011	00000000	00000000	00010000	10000000	00000000
00100100	00000000	00000000	00010000	10000000	00000000
00101000	00000000	00000000	00010000	00010000	00000000
00101001	00000000	01000000	00010000	00010000	00000010
00100011	00000000	00000000	00010000	00010000	00000000
00110100	00000000	00000000	00010000	00010000	00000000
<\HS-rd-clk4E0.1>
--CB---- 	--C-L--- 	-S---V-- 	---CR--- 	V--V---- 	------P-
  L      	  A S    	 C   R  	   L1    	R  L     	      X
  K      	  P Y    	        	   K     	         	      L
<HS-End-clk4E0.1>
00001000	00000000	00000000	00000000	10000000	00000000
00001001	00000000	01000000	00000000	10000000	00000010
00000011	00000000	00000000	00000000	10000000	00000000
00000100	00000000	00000000	00000000	10000000	00000000
00001000	00000000	00000000	00000000	00010000	00000000
00001001	00000000	01000000	00000000	00010000	00000010
00000011	00000000	00000000	00000000	00010000	00000000
00000100	00000000	00000000	00000000	00010000	00000000
00101000	00000000	00000000	00010000	10000000	00000000
00101001	00000000	01000000	00010000	10000000	00000010
00100011	00000000	00000000	00010000	10000000	00000000
00100100	00000000	00000000	00010000	10000000	00000000
00101000	00000000	00000000	00010000	00010000	00000000
00101001	00000000	01000000	00010000	00010000	00000000
00100011	00000000	00000000	00010000	00010000	00000000
00110100	00000000	00000000	00010000	00010000	00000000
<\HS-rd-clk4E0.1>
--CB---- 	--C-L--- 	-S---V-- 	---CR--- 	V--V---- 	------P-
  L      	  A S    	 C   R  	   L1    	R  L     	      X
  K      	  P Y    	        	   K     	         	      L
<HS4E0.1>	
00000000	00000000	00000000	00000000	10000000	00000000
00000010	00000000	00000000	00000000	10000000	00000000
00100000	00000000	00000000	00010000	10000000	00000000
00110010	00000000	00000000	00010000	10000000	00000000
<\HS4E0.1>


****************************************************************************************
****************************************************************************************


Following section is CAP=1 (and suffix -HR), otherwise exact duplicate of above
As these are CAP=1 we call it -HR so software can pick it up as a separate readout


Following section is CAP=0
--CB---- 	--C-L--- 	-S---V-- 	---CR--- 	V--V---- 	------P-
  L      	  A S    	 C   R  	   L1    	R  L     	      X
  K      	  P Y    	        	   K     	         	      L
<PREEXP4E0.1-HR>
00000011	00100000	00000100	00000000	10000000	00000000
00000010	00100000	00000100	00000000	10000000	00000000
00100011	00101000	00000100	00010000	10000000	00000000
00100010	00101000	00000100	00010000	10000000	00000000
00000011	00101000	00000100	00000000	10000000	00000000
00000010	00101000	00000100	00000000	10000000	00000000
00100011	00101000	00000100	00010000	10000000	00000000
00100010	00101000	00000100	00010000	10000000	00000000
00000011	00101000	00000100	00000000	10000000	00000000
00000010	00101000	00000100	00000000	10000000	00000000
00100011	00101000	00000100	00010000	10000000	00000000
00100010	00101000	00000100	00010000	10000000	00000000
00000011	00101000	00000100	00000000	10000000	00000000
00000010	00101000	00000100	00000000	10000000	00000000
00100011	00101000	00000100	00010000	10000000	00000000
00100010	00101000	00000100	00010000	10000000	00000000
00000011	00101000	00000100	00000000	10000000	00000000
00000010	00101000	00000100	00000000	10000000	00000000
00100011	00101000	00000100	00010000	10000000	00000000
00100010	00101000	00000100	00010000	10000000	00000000
00000011	00101000	00000100	00000000	10000000	00000000
00000010	00101000	00000100	00000000	10000000	00000000
00100011	00101000	00000100	00010000	10000000	00000000
00110010	00101000	00000100	00010000	10000000	00000000
<\PREEXP4E0.1-HR>					
--CB---- 	--C-L--- 	-S---V-- 	---CR--- 	V--V---- 	------P-
  L      	  A S    	 C   R  	   L1    	R  L     	      X
  K      	  P Y    	        	   K     	         	      L
<HS-exp4E0.1-HR>					
00000000	00101000	00000000	00000000	10000000	00000000
00000010	00101000	00000000	00000000	10000000	00000000
00100000	00101000	00000000	00010000	10000000	00000000
00110010	00101000	00000000	00010000	10000000	00000000
<\HS-exp4E0.1-HR>		
--CB---- 	--C-L--- 	-S---V-- 	---CR--- 	V--V---- 	------P-
  L      	  A S    	 C   R  	   L1    	R  L     	      X
  K      	  P Y    	        	   K     	         	      L
<POSTEXP4E0.1-HR>					
00000011	00101000	00000000	00000000	10000000	00000000
00000010	00101000	00000000	00000000	10000000	00000000
00100011	00100000	00000000	00010000	10000000	00000000
00100010	00100000	00000000	00010000	10000000	00000000
00000011	00100000	00000000	00000000	10000000	00000000
00000010	00100000	00000000	00000000	10000000	00000000
00100011	00100000	00000000	00010000	10000000	00000000
00100010	00100000	00000000	00010000	10000000	00000000
00000011	00100000	00000000	00000000	10000000	00000000
00000010	00100000	00000000	00000000	10000000	00000000
00100011	00100000	00000000	00010000	10000000	00000000
00110010	00100000	00000000	00010000	10000000	00000000
<\POSTEXP4E0.1-HR>
--CB---- 	--C-L--- 	-S---V-- 	---CR--- 	V--V---- 	------P-
  L      	  A S    	 C   R  	   L1    	R  L     	      X
  K      	  P Y    	        	   K     	         	      L
<HS-Start-clk4E0.1-HR>
00001000	00100000	00000000	00000000	10000000	00000000
00001001	00100000	01000000	00000000	10000000	00000000
00000011	00100000	00000000	00000000	10000000	00000000
00000100	00100000	00000000	00000000	10000000	00000000
00001000	00100000	00000000	00000000	00010000	00000000
00001001	00100000	01000000	00000000	00010000	00000000
00000011	00100000	00000000	00000000	00010000	00000000
00000100	00100000	00000000	00000000	00010000	00000000
00101000	00100000	00000000	00010000	10000000	00000000
00101001	00100000	01000000	00010000	10000000	00000000
00100011	00100000	00000000	00010000	10000000	00000000
00100100	00100000	00000000	00010000	10000000	00000000
00101000	00100000	00000000	00010000	00010000	00000000
00101001	00100000	01000000	00010000	00010000	00000010
00100011	00100000	00000000	00010000	00010000	00000000
00110100	00100000	00000000	00010000	00010000	00000000
<\HS-rd-clk4E0.1-HR>
--CB---- 	--C-L--- 	-S---V-- 	---CR--- 	V--V---- 	------P-
  L      	  A S    	 C   R  	   L1    	R  L     	      X
  K      	  P Y    	        	   K     	         	      L
<HS-rd-clk4E0.1-HR>
00001000	00100000	00000000	00000000	10000000	00000000
00001001	00100000	01000000	00000000	10000000	00000010
00000011	00100000	00000000	00000000	10000000	00000000
00000100	00100000	00000000	00000000	10000000	00000000
00001000	00100000	00000000	00000000	00010000	00000000
00001001	00100000	01000000	00000000	00010000	00000010
00000011	00100000	00000000	00000000	00010000	00000000
00000100	00100000	00000000	00000000	00010000	00000000
00101000	00100000	00000000	00010000	10000000	00000000
00101001	00100000	01000000	00010000	10000000	00000010
00100011	00100000	00000000	00010000	10000000	00000000
00100100	00100000	00000000	00010000	10000000	00000000
00101000	00100000	00000000	00010000	00010000	00000000
00101001	00100000	01000000	00010000	00010000	00000010
00100011	00100000	00000000	00010000	00010000	00000000
00110100	00100000	00000000	00010000	00010000	00000000
<\HS-rd-clk4E0.1-HR>
--CB---- 	--C-L--- 	-S---V-- 	---CR--- 	V--V---- 	------P-
  L      	  A S    	 C   R  	   L1    	R  L     	      X
  K      	  P Y    	        	   K     	         	      L
<HS-End-clk4E0.1-HR>
00001000	00100000	00000000	00000000	10000000	00000000
00001001	00100000	01000000	00000000	10000000	00000010
00000011	00100000	00000000	00000000	10000000	00000000
00000100	00100000	00000000	00000000	10000000	00000000
00001000	00100000	00000000	00000000	00010000	00000000
00001001	00100000	01000000	00000000	00010000	00000010
00000011	00100000	00000000	00000000	00010000	00000000
00000100	00100000	00000000	00000000	00010000	00000000
00101000	00100000	00000000	00010000	10000000	00000000
00101001	00100000	01000000	00010000	10000000	00000010
00100011	00100000	00000000	00010000	10000000	00000000
00100100	00100000	00000000	00010000	10000000	00000000
00101000	00100000	00000000	00010000	00010000	00000000
00101001	00100000	01000000	00010000	00010000	00000000
00100011	00100000	00000000	00010000	00010000	00000000
00110100	00100000	00000000	00010000	00010000	00000000
<\HS-rd-clk4E0.1-HR>
--CB---- 	--C-L--- 	-S---V-- 	---CR--- 	V--V---- 	------P-
  L      	  A S    	 C   R  	   L1    	R  L     	      X
  K      	  P Y    	        	   K     	         	      L
<HS4E0.1-HR>	
00000000	00100000	00000000	00000000	10000000	00000000
00000010	00100000	00000000	00000000	10000000	00000000
00100000	00100000	00000000	00010000	10000000	00000000
00110010	00100000	00000000	00010000	10000000	00000000
<\HS4E0.1-HR>

