P05B97_3A.txt (now with NON-inverting image/storage clks! Use with C5 polo)
2 phase device with I1=I2, I3=I4, S1=S2, S3=S4
For iXon 97BI Datel ADS937 1MHz 16bit A/D with EM and conventional outputs.
Full IMO clocking (well depth should be OK with later batches).
Important for horz clks to have 90% overlap, if not done in pattern then in verniers.
PDT is used to generate delay for better hole transport.

SIIBSSSS 	SSI-ISR- 	--H-A-D- 	HC-RR--M 	--F----F 	SSR-C-P-
441 PPPP     	123 23S  	  V M M  	VG 31  U 	  I    R 	CC2 G X
    3210     	      T  	  F P P  	R3     X 	  R    A 	23  2 L
<VS-st>
00000000	11000010	00000000	00001000	00000000	00101000
00000000	11000010	00000000	00001000	00000000	00101000
00000000	11000010	00000000	00001000	00000000	00101000
10000000	11000110	00000000	00001000	00000000	00101000
10000000	11000110	00000000	00001000	00000000	00101000
10000000	00000110	00000000	00001000	00000000	00101000
10000000	00000110	00000000	00001000	00000000	00101000
10010000	00000110	00000000	00001000	00000000	00101000
<\VS-st>

<VS-stH>
00000000	11000010	00000000	00001000	00000000	00101000
00000000	11000010	00000000	00001000	00000000	00101000
00000000	11000010	00000000	00001000	00000000	00101000
10000000	11000110	00000000	00001000	00000000	00101000
10000000	11000110	00000000	00001000	00000000	00101000
10000000	00000110	00000000	00001000	00000000	00101000
10000000	00000110	00000000	00001000	00000000	00101000
10010000	00000110	00000000	00001000	00000000	00101000
<\VS-stH>

<VS-all>
00100000	11001010	00100000	00001000	00000000	00101000
00100000	11001010	00000000	00001000	00000000	00101000
00100000	11001010	00000000	10001000	00000000	00101000
11100000	11101110	00000000	00001000	00000000	00101000
11100000	11101110	00100000	00001000	00000000	00101000
11000000	00100110	00000000	00001000	00000000	00101000
11000000	00100110	00000000	10001000	00000000	00101000
11010000	00100110	00000000	00001000	00000000	00101000
<\VS-all>

<VS-allH>
00100000	11001010	00100000	00001000	00000000	00101000
00100000	11001010	00000000	00001000	00000000	00101000
00100000	11001010	00000000	10001000	00000000	00101000
11100000	11101110	00000000	00001000	00000000	00101000
11100000	11101110	00100000	00001000	00000000	00101000
11000000	00100110	00000000	00001000	00000000	00101000
11000000	00100110	00000000	10001000	00000000	00101000
11010000	00100110	00000000	00001000	00000000	00101000
<\VS-allH>

SIIBSSSS 	SSI-ISR- 	--H-A-D- 	HC-RR--M 	--F----F 	SSR-C-P-
441 PPPP     	123 23S  	  V M M  	VG 31  U 	  I    R 	CC2 G X
    3210     	      T  	  F P P  	R3     X 	  R    A 	23  2 L
<PDT>
00101001	11001000	00000000	00001000	00000000	00101000
00100000	11001000	00000000	00001000	00000000	00101000
00100000	11001000	00000000	00001000	00000000	00101000
00110000	11001000	00000000	00001000	00000000	00101000
<\PDT>

<VH>
00000000	00000000	00000000	00001000	00000000	00101000
00000000	00000000	00000000	00001000	00000000	00101000
00000000	00000000	00000000	00001000	00000000	00101000
00010000	00000000	00000000	00001000	00000000	00101000
<\VH>

<HV>
00000000	00000000	00000000	00001000	00000000	00101000
00000000	00000000	00000000	00001000	00000000	00101000
00000000	00000000	00000000	00001000	00000000	00101000
00010000	00000000	00000000	00001000	00000000	00101000
<\HV>

****************************************************************************************
1MHz EM output starts here.

SIIBSSSS 	SSI-ISR- 	--H-A-D- 	HC-RR--M 	--F----F 	SSR-C-P-
441 PPPP     	123 23S  	  V M M  	VG 31  U 	  I    R 	CC2 G X
    3210     	      T  	  F P P  	R3     X 	  R    A 	23  2 L
<HS3A1>
00000000	00000010	00000000	00001000	00000000	01101000
00000010	00000010	00000000	00000000	00000000	01101000
00000000	00000000	00100000	00010000	00000000	00101000
00000001	00000000	00000000	00010000	00000000	00001000
00000010	00000000	00000000	01010000	00000000	00001000
00000010	00000000	00000000	01010000	00000000	00001000
00000010	00000000	00000000	01010000	00000000	00001000
00000010	00000000	00000000	01010000	00000000	00001000
00000010	00000000	00000000	01010000	00000000	00001000
00000000	00000000	00000000	10001000	00000000	00001000
00000001	00000000	00000000	00001000	00000000	00001000
00000010	00000000	00000000	00001000	00000000	00001000
00000010	00000000	00000000	00001000	00000000	00001000
00000010	00000000	00000000	00001000	00000000	00001000
00000010	00000000	00000000	00001000	00000000	00001000
00010010	00000000	00000000	00001000	00000000	00001000
<\HS3A1>

<HS-EXP3A1>
00000000	00000010	00000000	00001000	00000000	01101000
00000010	00000010	00000000	00000000	00000000	01101000
00000000	00000000	00100000	00010000	00000000	00101000
00000001	00000000	00000000	00010000	00000000	00001000
00000010	00000000	00001000	01010000	00000000	00001000
00000010	00000000	00001000	01010000	00000000	00001000
00000010	00000000	00001000	01010000	00000000	00001000
00000010	00000000	00001000	01010000	00000000	00001000
00000010	00000000	00000000	01010000	00000000	00001000
00000000	00000000	00000000	10001000	00000000	00001000
00000001	00000000	00000000	00001000	00000000	00001000
00000010	00000000	00000000	00001000	00000000	00001000
00000010	00000000	00000000	00001000	00000000	00001000
00000010	00000000	00000000	00001000	00000000	00001000
00000010	00000000	00000000	00001000	00000000	00001000
00010010	00000000	00000000	00001000	00000000	00001000
<\HS-EXP3A1>

SIIBSSSS 	SSI-ISR- 	--H-A-D- 	HC-RR--M 	--F----F 	SSR-C-P-
441 PPPP     	123 23S  	  V M M  	VG 31  U 	  I    R 	CC2 G X
    3210     	      T  	  F P P  	R3     X 	  R    A 	23  2 L

<HS-rd-clk3A1>
00000000	00000010	00000000	00001000	00000000	01101000
00000010	00000010	00000000	00000000	00000000	01101000
00000000	00000000	00100000	00010000	00000000	00101000
00000001	00000000	00000000	00010000	00000000	00001000
00000010	00000000	00000000	01010000	00000000	00001010
00000010	00000000	00000000	01010000	00000000	00001000
00000010	00000000	00000000	01010000	00000000	00001000
00000010	00000000	00000000	01010000	00000000	00001000
00000010	00000000	00000000	01010000	00000000	00001000
00000000	00000000	00000000	10001000	00000000	00001000
00000001	00000000	00000000	00001000	00000000	00001000
00000010	00000000	00000000	00001000	00000000	00001000
00000010	00000000	00000000	00001000	00000000	00001000
00000010	00000000	00000000	00001000	00000000	00001000
00000010	00000000	00000000	00001000	00000000	00001000
00010010	00000000	00000000	00001000	00000000	00001000
<\HS-rd-clk3A1>

<HS-rd3A1>
00000000	00000010	00000000	00001000	00000000	01101000
00000010	00000010	00000000	00000000	00000000	01101000
00000000	00000000	00100000	00010000	00000000	00101000
00000001	00000000	00000000	00010000	00000000	00001000
00000010	00000000	00000000	01010000	00000000	00001000
00000010	00000000	00000000	01010000	00000000	00001000
00000010	00000000	00000000	01010000	00000000	00001000
00000010	00000000	00000000	01010000	00000000	00001000
00000010	00000000	00000000	01010000	00000000	00001000
00000000	00000000	00000000	10001000	00000000	00001000
00000001	00000000	00000000	00001000	00000000	00001000
00000010	00000000	00000000	00001000	00000000	00001000
00000010	00000000	00000000	00001000	00000000	00001000
00000010	00000000	00000000	00001000	00000000	00001000
00000010	00000000	00000000	00001000	00000000	00001000
00010010	00000000	00000000	00001000	00000000	00001000
<\HS-rd3A1>

SIIBSSSS 	SSI-ISR- 	--H-A-D- 	HC-RR--M 	--F----F 	SSR-C-P-
441 PPPP     	123 23S  	  V M M  	VG 31  U 	  I    R 	CC2 G X
    3210     	      T  	  F P P  	R3     X 	  R    A 	23  2 L

<HS-amp-rst3A1>
00000000	00000010	00000000	00001000	00000000	01101000
00000010	00000010	00000000	00000000	00000000	01101000
00000000	00000000	00100000	00010000	00000000	00101000
00000001	00000000	00000000	00010000	00000000	00001000
00000010	00000000	00001000	01010000	00000000	00001000
00000010	00000000	00001000	01010000	00000000	00001000
00000010	00000000	00001000	01010000	00000000	00001000
00000010	00000000	00001000	01010000	00000000	00001000
00000010	00000000	00000000	01010000	00000000	00001000
00000000	00000000	00000000	10001000	00000000	00001000
00000001	00000000	00000000	00001000	00000000	00001000
00000010	00000000	00000000	00001000	00000000	00001000
00000010	00000000	00000000	00001000	00000000	00001000
00000010	00000000	00000000	00001000	00000000	00001000
00000010	00000000	00000000	00001000	00000000	00001000
00010010	00000000	00000000	00001000	00000000	00001000
<\HS-amp-rst3A1>

<HBIN3A1>
00000000	00000000	00000000	00001000	00000000	01101000
00000010	00000000	00000000	00000000	00000000	01101000
00000000	00000000	00100000	00010000	00000000	00101000
00000001	00000000	00000000	00010000	00000000	00001000
00000010	00000000	00000000	00010000	00000000	00001000
00000010	00000000	00000000	00010000	00000000	00001000
00000010	00000000	00000000	00010000	00000000	00001000
00000010	00000000	00000000	00010000	00000000	00001000
00000010	00000000	00000000	00010000	00000000	00001000
00000000	00000000	00000000	10001000	00000000	00001000
00000001	00000000	00000000	00001000	00000000	00001000
00000010	00000000	00000000	00001000	00000000	00001000
00000010	00000000	00000000	00001000	00000000	00001000
00000010	00000000	00000000	00001000	00000000	00001000
00000010	00000000	00000000	00001000	00000000	00001000
00010010	00000000	00000000	00001000	00000000	00001000
<\HBIN3A1>

****************************************************************************************

1MHz conventional output starts here.

SIIBSSSS 	SSI-ISR- 	--H-A-D- 	HC-RR--M 	--F----F 	SSR-C-P-
441 PPPP     	123 23S  	  V M M  	VG 31  U 	  I    R 	CC2 G X
    3210     	      T  	  F P P  	R3     X 	  R    A 	23  2 L
<HS3A1-HR>
00000000	00000010	00000000	00001000	00000000	01101000
00000010	00000010	00000000	00001000	00000000	01001000
00000000	00000000	00100000	00011000	00000000	00001000
00000001	00000000	00000000	00010000	00000000	00001000
00000010	00000000	00000000	01010000	00000000	00001000
00000010	00000000	00000000	01010000	00000000	00001000
00000010	00000000	00000000	01010000	00000000	00001000
00000010	00000000	00000000	01010000	00000000	00001000
00000010	00000000	00000000	01010000	00000000	00001000
00000000	00000000	00000000	00000000	00000000	00101000
00000001	00000000	00000000	00000000	00000000	00101000
00000010	00000000	00000000	00000000	00000000	00101000
00000010	00000000	00000000	00000000	00000000	00101000
00000010	00000000	00000000	00000000	00000000	00101000
00000010	00000000	00000000	00000000	00000000	00101000
00010010	00000000	00000000	00000000	00000000	00101000
<\HS3A1-HR>

SIIBSSSS 	SSI-ISR- 	--H-A-D- 	HC-RR--M 	--F----F 	SSR-C-P-
441 PPPP     	123 23S  	  V M M  	VG 31  U 	  I    R 	CC2 G X
    3210     	      T  	  F P P  	R3     X 	  R    A 	23  2 L
<HS-EXP3A1-HR>
00000000	00000010	00000000	00001000	00000000	01101000
00000010	00000010	00000000	00001000	00000000	01001000
00000000	00000000	00100000	00011000	00000000	00001000
00000001	00000000	00000000	00010000	00000000	00001000
00000010	00000000	00001000	01010000	00000000	00001000
00000010	00000000	00001000	01010000	00000000	00001000
00000010	00000000	00001000	01010000	00000000	00001000
00000010	00000000	00001000	01010000	00000000	00001000
00000010	00000000	00000000	01010000	00000000	00001000
00000000	00000000	00000000	00000000	00000000	00101000
00000001	00000000	00000000	00000000	00000000	00101000
00000010	00000000	00000000	00000000	00000000	00101000
00000010	00000000	00000000	00000000	00000000	00101000
00000010	00000000	00000000	00000000	00000000	00101000
00000010	00000000	00000000	00000000	00000000	00101000
00010010	00000000	00000000	00000000	00000000	00101000
<\HS-EXP3A1-HR>

SIIBSSSS 	SSI-ISR- 	--H-A-D- 	HC-RR--M 	--F----F 	SSR-C-P-
441 PPPP     	123 23S  	  V M M  	VG 31  U 	  I    R 	CC2 G X
    3210     	      T  	  F P P  	R3     X 	  R    A 	23  2 L
<HS-rd-clk3A1-HR>
00000000	00000010	00000000	00001000	00000000	01101000
00000010	00000010	00000000	00001000	00000000	01001000
00000000	00000000	00100000	00011000	00000000	00001000
00000001	00000000	00000000	00010000	00000000	00001000
00000010	00000000	00000000	01010000	00000000	00001010
00000010	00000000	00000000	01010000	00000000	00001000
00000010	00000000	00000000	01010000	00000000	00001000
00000010	00000000	00000000	01010000	00000000	00001000
00000010	00000000	00000000	01010000	00000000	00001000
00000000	00000000	00000000	00000000	00000000	00101000
00000001	00000000	00000000	00000000	00000000	00101000
00000010	00000000	00000000	00000000	00000000	00101000
00000010	00000000	00000000	00000000	00000000	00101000
00000010	00000000	00000000	00000000	00000000	00101000
00000010	00000000	00000000	00000000	00000000	00101000
00010010	00000000	00000000	00000000	00000000	00101000
<\HS-rd-clk3A1-HR>

SIIBSSSS 	SSI-ISR- 	--H-A-D- 	HC-RR--M 	--F----F 	SSR-C-P-
441 PPPP     	123 23S  	  V M M  	VG 31  U 	  I    R 	CC2 G X
    3210     	      T  	  F P P  	R3     X 	  R    A 	23  2 L
<HS-rd3A1-HR>
00000000	00000010	00000000	00001000	00000000	01101000
00000010	00000010	00000000	00001000	00000000	01001000
00000000	00000000	00100000	00011000	00000000	00001000
00000001	00000000	00000000	00010000	00000000	00001000
00000010	00000000	00000000	01010000	00000000	00001000
00000010	00000000	00000000	01010000	00000000	00001000
00000010	00000000	00000000	01010000	00000000	00001000
00000010	00000000	00000000	01010000	00000000	00001000
00000010	00000000	00000000	01010000	00000000	00001000
00000000	00000000	00000000	00000000	00000000	00101000
00000001	00000000	00000000	00000000	00000000	00101000
00000010	00000000	00000000	00000000	00000000	00101000
00000010	00000000	00000000	00000000	00000000	00101000
00000010	00000000	00000000	00000000	00000000	00101000
00000010	00000000	00000000	00000000	00000000	00101000
00010010	00000000	00000000	00000000	00000000	00101000
<\HS-rd3A1-HR>

SIIBSSSS 	SSI-ISR- 	--H-A-D- 	HC-RR--M 	--F----F 	SSR-C-P-
441 PPPP     	123 23S  	  V M M  	VG 31  U 	  I    R 	CC2 G X
    3210     	      T  	  F P P  	R3     X 	  R    A 	23  2 L
<HS-amp-rst3A1-HR>
00000000	00000010	00000000	00001000	00000000	01101000
00000010	00000010	00000000	00001000	00000000	01001000
00000000	00000000	00100000	00011000	00000000	00001000
00000001	00000000	00000000	00010000	00000000	00001000
00000010	00000000	00001000	01010000	00000000	00001000
00000010	00000000	00001000	01010000	00000000	00001000
00000010	00000000	00001000	01010000	00000000	00001000
00000010	00000000	00001000	01010000	00000000	00001000
00000010	00000000	00000000	01010000	00000000	00001000
00000000	00000000	00000000	00000000	00000000	00101000
00000001	00000000	00000000	00000000	00000000	00101000
00000010	00000000	00000000	00000000	00000000	00101000
00000010	00000000	00000000	00000000	00000000	00101000
00000010	00000000	00000000	00000000	00000000	00101000
00000010	00000000	00000000	00000000	00000000	00101000
00010010	00000000	00000000	00000000	00000000	00101000
<\HS-amp-rst3A1-HR>

SIIBSSSS 	SSI-ISR- 	--H-A-D- 	HC-RR--M 	--F----F 	SSR-C-P-
441 PPPP     	123 23S  	  V M M  	VG 31  U 	  I    R 	CC2 G X
    3210     	      T  	  F P P  	R3     X 	  R    A 	23  2 L
<HBIN3A1-HR>
00000000	00000000	00000000	00001000	00000000	00101000
00000010	00000000	00000000	00001000	00000000	00001000
00000000	00000000	00100000	00011000	00000000	00001000
00000001	00000000	00000000	00010000	00000000	00001000
00000010	00000000	00000000	00010000	00000000	00001000
00000010	00000000	00000000	00010000	00000000	00001000
00000010	00000000	00000000	00010000	00000000	00001000
00000010	00000000	00000000	00010000	00000000	00001000
00000010	00000000	00000000	00010000	00000000	00001000
00000000	00000000	00000000	00000000	00000000	00101000
00000001	00000000	00000000	00000000	00000000	00101000
00000010	00000000	00000000	00000000	00000000	00101000
00000010	00000000	00000000	00000000	00000000	00101000
00000010	00000000	00000000	00000000	00000000	00101000
00000010	00000000	00000000	00000000	00000000	00101000
00010010	00000000	00000000	00000000	00000000	00101000
<\HBIN3A1-HR>

****************************************************************************************

