P05B65_2E.txt  (Uses faster 12.5ns engine clock with C5 polo and discrete dig b/d)
{patterns are a copy of the 60, except PDT is 10us}
Pre amps low during verts.
2 phase device.
For iXon 65BI (10/5/3/1 MHz with Datel 1410).
CCD60 has no conventional amplifier.
Important for horz clks to have 90% overlap, if not done in pattern then in verniers.

SIIBSSSS 	SSI-ISR- 	--H-A-DD 	HC-RR--M 	-EF--P-F 	SSR-CPP-
441 PPPP     	123 23S  	  V M MC 	VG 31  U 	 MI  A R 	CC2 GAX
    3210     	      T  	  F P PD 	R3     X 	 KR  1 A 	23  22L
<VS-st>
00000000	01000010	00000000	00001000	00000100	00101100
00000000	01000010	00000000	00001000	00000100	00101100
00000000	10000010	00000000	00001000	00000100	00101100
00010000	10000010	00000000	00001000	00000100	00101100
<\VS-st>					
					
<VS-all>				
00000000	01001010	00000000	00001000	00000100	00101100
00000000	01001010	00000000	00001000	00000100	00101100
00100000	10000010	00000000	00001000	00000100	00101100
00110000	10000010	00000000	00001000	00000100	00101100
<\VS-all>				

<VS-stH>
00000000	01000010	00000000	00001000	00000100	00101100
00000000	01000010	00000000	00001000	00000100	00101100
00000000	10000010	00000000	00001000	00000100	00101100
00010000	10000010	00000000	00001000	00000100	00101100
<\VS-stH>					
					
<VS-allH>				
00000000	01001010	00000000	00001000	00000100	00101100
00000000	01001010	00000000	00001000	00000100	00101100
00100000	10000010	00000000	00001000	00000100	00101100
00110000	10000010	00000000	00001000	00000100	00101100
<\VS-allH>				

Used to generate 2.5us delay for better hole transport in BIs.
<PDT>
00001000	01001000	00000000	00001000	00000100	00101100
00000111	01001000	00000000	00001000	00000100	00101100
00000000	01001000	00000000	00001000	00000100	00101100
00010000	01001000	00000000	00001000	00000100	00101100
<\PDT>

<HV>
00000000	00000000	00000000	00001000	00000100	00101100
00000000	00000000	00000000	00001000	00000100	00101100
00000000	00000000	00000000	00001000	00000100	00101100
00010000	00000000	00000000	00001000	00000100	00101100
<\HV>

<VH>					
00000000	00000000	00000000	00001000	00000100	00101100
00000000	00000000	00000000	00001000	00000100	00101100
00000000	00000000	00000000	00001000	00000100	00101100
00010000	00000000	00000000	00001000	00000100	00101100
<\VH>					


****************************************************************************************
10MHz EM starts here.

SIIBSSSS 	SSI-ISR- 	--H-A-DD 	HC-RR--M 	-EF--P-F 	SSR-CPP-
441 PPPP     	123 23S  	  V M MC 	VG 31  U 	 MI  A R 	CC2 GAX
    3210     	      T  	  F P PD 	R3     X 	 KR  1 A 	23  22L
<HS2E10>
00000000	00000010	00000000	01010001	00000000	10100000
00000000	00000010	00000000	01010001	00000000	10100000
00000000	00000000	00100000	01010001	00000000	10000000
00000000	00000000	00000000	01010001	00000000	10000000
00000000	00000000	00000000	10001001	00000000	00001000
00000000	00000000	00000000	00001001	00000000	00001000
00000000	00000000	00000000	00001001	00000000	00101000
00010000	00000000	00000000	00001001	00000000	00101000
<\HS2E10>

<HS-EXP2E10>
00000000	00000010	00000000	01010001	00000000	10100000
00000000	00000010	00000000	01010001	00000000	10100000
00000000	00000000	00101000	01010001	00000000	10000000
00000000	00000000	00001000	01010001	00000000	10000000
00000000	00000000	00000000	10001001	00000000	00001000
00000000	00000000	00000000	00001001	00000000	00001000
00000000	00000000	00000000	00001001	00000000	00101000
00010000	00000000	00000000	00001001	00000000	00101000
<\HS-EXP2E10>

<EXP-NOHS2E10>
00000000	00000010	00000000	01001001	00000000	10100000
00000000	00000010	00000000	01001001	00000000	10100000
00000000	00000000	00001000	01001001	00000000	10100000
00000000	00000000	00001000	01001001	00000000	10100000
00000000	00000000	00000000	00001001	00000000	00101000
00000000	00000000	00000000	00001001	00000000	00101000
00000000	00000000	00000000	00001001	00000000	00101000
00010000	00000000	00000000	00001001	00000000	00101000
<\EXP-NOHS2E10>

<HS-rd-clk2E10>
00000000	00000010	00000000	01010001	00000000	10100000
00000000	00000010	00000000	01010001	00000000	10100010
00000000	00000000	00100000	01010001	00000000	10000010
00000000	00000000	00000000	01010001	00000000	10000010
00000000	00000000	00000000	10001001	00000000	00001010
00000000	00000000	00000000	00001001	00000000	00001000
00000000	00000000	00000000	00001001	00000000	00101000
00010000	00000000	00000000	00001001	00000000	00101000
<\HS-rd-clk2E10>
SIIBSSSS 	SSI-ISR- 	--H-A-DD 	HC-RR--M 	-EF--P-F 	SSR-CPP-
441 PPPP     	123 23S  	  V M MC 	VG 31  U 	 MI  A R 	CC2 GAX
    3210     	      T  	  F P PD 	R3     X 	 KR  1 A 	23  22L
<HS-rd2E10>
00000000	00000010	00000000	01010001	00000000	10100000
00000000	00000010	00000000	01010001	00000000	10100000
00000000	00000000	00100000	01010001	00000000	10000000
00000000	00000000	00000000	01010001	00000000	10000000
00000000	00000000	00000000	10001001	00000000	00001000
00000000	00000000	00000000	00001001	00000000	00001000
00000000	00000000	00000000	00001001	00000000	00101000
00010000	00000000	00000000	00001001	00000000	00101000
<\HS-rd2E10>

<HS-amp-rst2E10>
00000000	00000010	00000000	01010001	00000000	10100000
00000000	00000010	00000000	01010001	00000000	10100000
00000000	00000000	00100000	01010001	00000000	10000000
00000000	00000000	00000000	01010001	00000000	10000000
00000000	00000000	00000000	10001001	00000000	00001000
00000000	00000000	00000000	00001001	00000000	00001000
00000000	00000000	00000000	00001001	00000000	00101000
00010000	00000000	00000000	00001001	00000000	00101000
<\HS-amp-rst2E10>

<HBIN2E10>
00000000	00000000	00000000	00010001	00000000	00101000
00000000	00000000	00000000	00010001	00000000	00101000
00000000	00000000	00100000	00010001	00000000	00001000
00000000	00000000	00000000	00010001	00000000	00001000
00000000	00000000	00000000	10001001	00000000	00001000
00000000	00000000	00000000	00001001	00000000	00001000
00000000	00000000	00000000	00001001	00000000	00101000
00010000	00000000	00000000	00001001	00000000	00101000
<\HBIN2E10>


****************************************************************************************
5MHz EM starts here.

SIIBSSSS 	SSI-ISR- 	--H-A-DD 	HC-RR--M 	-EF--P-F 	SSR-CPP-
441 PPPP     	123 23S  	  V M MC 	VG 31  U 	 MI  A R 	CC2 GAX
    3210     	      T  	  F P PD 	R3     X 	 KR  1 A 	23  22L
<HS2E5>
00000001	00000010	00000000	00001001	00000000	10101000
00000001	00000010	00000000	00000001	00000000	10101000
00000001	00000000	00100000	00010001	00000000	00001000
00000001	00000000	00000000	00010001	00000000	00000000
00000001	00000000	00000000	01010001	00000000	00000000
00000001	00000000	00000000	11001001	00000000	00001000
00000001	00000000	00000000	00001001	00000000	00001000
00010001	00000000	00000000	00001001	00000000	00001000
<\HS2E5>

<HS-exp2E5>
00000001	00000010	00000000	00001001	00000000	10101000
00000001	00000010	00000000	00000001	00000000	10101000
00000001	00000000	00100000	00010001	00000000	00001000
00000001	00000000	00001000	00010001	00000000	00000000
00000001	00000000	00000000	01010001	00000000	00000000
00000001	00000000	00000000	11001001	00000000	00001000
00000001	00000000	00000000	00001001	00000000	00001000
00010001	00000000	00000000	00001001	00000000	00001000
<\HS-exp2E5>

<EXP-NOHS2E5>
00000001	00000010	00000000	00001001	00000000	10101000
00000001	00000010	00000000	00001001	00000000	10101000
00000001	00000000	00000000	00001001	00000000	00101000
00000001	00000000	00001000	00001001	00000000	00100000
00000001	00000000	00000000	01001001	00000000	00100000
00000001	00000000	00000000	01001001	00000000	00101000
00000001	00000000	00000000	00001001	00000000	00101000
00010001	00000000	00000000	00001001	00000000	00101000
<\EXP-NOHS2E5>

<HS-rd-clk2E5>
00000001	00000010	00000000	00001001	00000000	10101000
00000001	00000010	00000000	00000001	00000000	10101000
00000001	00000000	00100000	00010001	00000000	00001000
00000001	00000000	00000000	00010001	00000000	00000010
00000001	00000000	00000000	01010001	00000000	00000000
00000001	00000000	00000000	11001001	00000000	00001000
00000001	00000000	00000000	00001001	00000000	00001000
00010001	00000000	00000000	00001001	00000000	00001000
<\HS-rd-clk2E5>

SIIBSSSS 	SSI-ISR- 	--H-A-DD 	HC-RR--M 	-EF--P-F 	SSR-CPP-
441 PPPP     	123 23S  	  V M MC 	VG 31  U 	 MI  A R 	CC2 GAX
    3210     	      T  	  F P PD 	R3     X 	 KR  1 A 	23  22L
<HS-rd2E5>
00000001	00000010	00000000	00001001	00000000	10101000
00000001	00000010	00000000	00000001	00000000	10101000
00000001	00000000	00100000	00010001	00000000	00001000
00000001	00000000	00000000	00010001	00000000	00000000
00000001	00000000	00000000	01010001	00000000	00000000
00000001	00000000	00000000	11001001	00000000	00001000
00000001	00000000	00000000	00001001	00000000	00001000
00010001	00000000	00000000	00001001	00000000	00001000
<\HS-rd2E5>

<HS-amp-rst2E5>
00000001	00000010	00000000	00001001	00000000	10101000
00000001	00000010	00000000	00000001	00000000	10101000
00000001	00000000	00100000	00010001	00000000	00001000
00000001	00000000	00001000	00010001	00000000	00000000
00000001	00000000	00000000	01010001	00000000	00000000
00000001	00000000	00000000	11001001	00000000	00001000
00000001	00000000	00000000	00001001	00000000	00001000
00010001	00000000	00000000	00001001	00000000	00001000
<\HS-amp-rst2E5>

<HBIN2E5>
00000001	00000000	00000000	00001001	00000000	00101000
00000001	00000000	00000000	00000001	00000000	00101000
00000001	00000000	00100000	00010001	00000000	00001000
00000001	00000000	00000000	00010001	00000000	00001000
00000001	00000000	00000000	00010001	00000000	00001000
00000001	00000000	00000000	10001001	00000000	00001000
00000001	00000000	00000000	00001001	00000000	00001000
00010001	00000000	00000000	00001001	00000000	00001000
<\HBIN2E5>


****************************************************************************************
3MHz EM starts here (really 2.857143MHz).

SIIBSSSS 	SSI-ISR- 	--H-A-DD 	HC-RR--M 	-EF--P-F 	SSR-CPP-
441 PPPP     	123 23S  	  V M MC 	VG 31  U 	 MI  A R 	CC2 GAX
    3210     	      T  	  F P PD 	R3     X 	 KR  1 A 	23  22L
<HS2E3>
00000001	00000010	00000000	00001001	00000000	10101000
00000001	00000010	00000000	00000001	00000000	10101000
00000001	00000000	00100000	00010001	00000000	00101000
00000001	00000000	00000000	00010001	00000000	00001000
00000001	00000000	00000000	01010001	00000000	00000000
00000001	00000000	00000000	01010001	00000000	00000000
00000001	00000000	00000000	01010001	00000000	00000000
00000001	00000000	00000000	01010001	00000000	00000000
00000001	00000000	00000000	10001001	00000000	00001000
00000001	00000000	00000000	00001001	00000000	00001000
00000001	00000000	00000000	00001001	00000000	00001000
00000001	00000000	00000000	00001001	00000000	00001000
00000001	00000000	00000000	00001001	00000000	00001000
00010001	00000000	00000000	00001001	00000000	00001000
<\HS2E3>

SIIBSSSS 	SSI-ISR- 	--H-A-DD 	HC-RR--M 	-EF--P-F 	SSR-CPP-
441 PPPP     	123 23S  	  V M MC 	VG 31  U 	 MI  A R 	CC2 GAX
    3210     	      T  	  F P PD 	R3     X 	 KR  1 A 	23  22L
Padded for making exposure time in packets of 500ns
<HS-EXP2E3>
00000001	00000010	00000000	00001001	00000000	10101000
00000001	00000010	00000000	00000001	00000000	10101000
00000001	00000000	00100000	00010001	00000000	00101000
00000001	00000000	00000000	00010001	00000000	00001000
00000001	00000000	00001000	01010001	00000000	00000000
00000001	00000000	00001000	01010001	00000000	00000000
00000001	00000000	00001000	01010001	00000000	00000000
00000001	00000000	00000000	01010001	00000000	00000000
00000001	00000000	00000000	10001001	00000000	00001000
00000001	00000000	00000000	00001001	00000000	00001000
00000101	00000000	00000000	00001001	00000000	00001000
00000101	00000000	00000000	00001001	00000000	00001000
00000101	00000000	00000000	00001001	00000000	00001000
00010001	00000000	00000000	00001001	00000000	00001000
<\HS-EXP2E3>

<EXP-NOHS2E3>
00000001	00000010	00000000	00001001	00000000	10101000
00000001	00000010	00000000	00001001	00000000	10101000
00000001	00000000	00000000	00001001	00000000	00101000
00000001	00000000	00000000	00001001	00000000	00101000
00000001	00000000	00001000	01001001	00000000	00100000
00000001	00000000	00001000	01001001	00000000	00100000
00000001	00000000	00001000	01001001	00000000	00100000
00000001	00000000	00000000	01001001	00000000	00100000
00000001	00000000	00000000	00001001	00000000	00101000
00000001	00000000	00000000	00001001	00000000	00101000
00000101	00000000	00000000	00001001	00000000	00101000
00000101	00000000	00000000	00001001	00000000	00101000
00000101	00000000	00000000	00001001	00000000	00101000
00010001	00000000	00000000	00001001	00000000	00101000
<\EXP-NOHS2E3>

SIIBSSSS 	SSI-ISR- 	--H-A-DD 	HC-RR--M 	-EF--P-F 	SSR-CPP-
441 PPPP     	123 23S  	  V M MC 	VG 31  U 	 MI  A R 	CC2 GAX
    3210     	      T  	  F P PD 	R3     X 	 KR  1 A 	23  22L
<HS-rd-clk2E3>
00000001	00000010	00000000	00001001	00000000	10101000
00000001	00000010	00000000	00000001	00000000	10101000
00000001	00000000	00100000	00010001	00000000	00101000
00000001	00000000	00000000	00010001	00000000	00001010
00000001	00000000	00000000	01010001	00000000	00000000
00000001	00000000	00000000	01010001	00000000	00000000
00000001	00000000	00000000	01010001	00000000	00000000
00000001	00000000	00000000	01010001	00000000	00000000
00000001	00000000	00000000	10001001	00000000	00001000
00000001	00000000	00000000	00001001	00000000	00001000
00000001	00000000	00000000	00001001	00000000	00001000
00000001	00000000	00000000	00001001	00000000	00001000
00000001	00000000	00000000	00001001	00000000	00001000
00010001	00000000	00000000	00001001	00000000	00001000
<\HS-rd-clk2E3>

SIIBSSSS 	SSI-ISR- 	--H-A-DD 	HC-RR--M 	-EF--P-F 	SSR-CPP-
441 PPPP     	123 23S  	  V M MC 	VG 31  U 	 MI  A R 	CC2 GAX
    3210     	      T  	  F P PD 	R3     X 	 KR  1 A 	23  22L
<HS-rd2E3>
00000001	00000010	00000000	00001001	00000000	10101000
00000001	00000010	00000000	00000001	00000000	10101000
00000001	00000000	00100000	00010001	00000000	00101000
00000001	00000000	00000000	00010001	00000000	00001000
00000001	00000000	00000000	01010001	00000000	00000000
00000001	00000000	00000000	01010001	00000000	00000000
00000001	00000000	00000000	01010001	00000000	00000000
00000001	00000000	00000000	01010001	00000000	00000000
00000001	00000000	00000000	10001001	00000000	00001000
00000001	00000000	00000000	00001001	00000000	00001000
00000001	00000000	00000000	00001001	00000000	00001000
00000001	00000000	00000000	00001001	00000000	00001000
00000001	00000000	00000000	00001001	00000000	00001000
00010001	00000000	00000000	00001001	00000000	00001000
<\HS-rd2E3>

SIIBSSSS 	SSI-ISR- 	--H-A-DD 	HC-RR--M 	-EF--P-F 	SSR-CPP-
441 PPPP     	123 23S  	  V M MC 	VG 31  U 	 MI  A R 	CC2 GAX
    3210     	      T  	  F P PD 	R3     X 	 KR  1 A 	23  22L
<HS-amp-rst2E3>
00000001	00000010	00000000	00001001	00000000	10101000
00000001	00000010	00000000	00000001	00000000	10101000
00000001	00000000	00100000	00010001	00000000	00101000
00000001	00000000	00000000	00010001	00000000	00001000
00000001	00000000	00001000	01010001	00000000	00000000
00000001	00000000	00001000	01010001	00000000	00000000
00000001	00000000	00001000	01010001	00000000	00000000
00000001	00000000	00000000	01010001	00000000	00000000
00000001	00000000	00000000	10001001	00000000	00001000
00000001	00000000	00000000	00001001	00000000	00001000
00000001	00000000	00000000	00001001	00000000	00001000
00000001	00000000	00000000	00001001	00000000	00001000
00000001	00000000	00000000	00001001	00000000	00001000
00010001	00000000	00000000	00001001	00000000	00001000
<\HS-amp-rst2E3>

SIIBSSSS 	SSI-ISR- 	--H-A-DD 	HC-RR--M 	-EF--P-F 	SSR-CPP-
441 PPPP     	123 23S  	  V M MC 	VG 31  U 	 MI  A R 	CC2 GAX
    3210     	      T  	  F P PD 	R3     X 	 KR  1 A 	23  22L
<HBIN2E3>
00000001	00000000	00000000	00001001	00000000	00101000
00000001	00000000	00000000	00000001	00000000	00101000
00000001	00000000	00100000	00010001	00000000	00101000
00000001	00000000	00000000	00010001	00000000	00001000
00000001	00000000	00000000	00010001	00000000	00001000
00000001	00000000	00000000	00010001	00000000	00001000
00000001	00000000	00000000	00010001	00000000	00001000
00000001	00000000	00000000	00010001	00000000	00001000
00000001	00000000	00000000	10001001	00000000	00001000
00000001	00000000	00000000	00001001	00000000	00001000
00000001	00000000	00000000	00001001	00000000	00001000
00000001	00000000	00000000	00001001	00000000	00001000
00000001	00000000	00000000	00001001	00000000	00001000
00010001	00000000	00000000	00001001	00000000	00001000
<\HBIN2E3>


****************************************************************************************
1MHz EM starts here.

SIIBSSSS 	SSI-ISR- 	--H-A-DD 	HC-RR--M 	-EF--P-F 	SSR-CPP-
441 PPPP     	123 23S  	  V M MC 	VG 31  U 	 MI  A R 	CC2 GAX
    3210     	      T  	  F P PD 	R3     X 	 KR  1 A 	23  22L
<HS2E1>
00000010	00000010	00000000	00001001	00000000	10101000
00000011	00000010	00000000	00000001	00000000	10101000
00000000	00000000	00100000	00010001	00000000	00101000
00000000	00000000	00000000	00010001	00000000	00001000
00000101	00000000	00000000	01010001	00000000	00000000
00000101	00000000	00000000	01010001	00000000	00000000
00000000	00000000	00000000	10001001	00000000	00001000
00000000	00000000	00000000	00001001	00000000	00001000
00000101	00000000	00000000	00001001	00000000	00001000
00010101	00000000	00000000	00001001	00000000	00001000
<\HS2E1>

SIIBSSSS 	SSI-ISR- 	--H-A-DD 	HC-RR--M 	-EF--P-F 	SSR-CPP-
441 PPPP     	123 23S  	  V M MC 	VG 31  U 	 MI  A R 	CC2 GAX
    3210     	      T  	  F P PD 	R3     X 	 KR  1 A 	23  22L
<HS-EXP2E1>
00000010	00000010	00000000	00001001	00000000	10101000
00000011	00000010	00000000	00000001	00000000	10101000
00000000	00000000	00100000	00010001	00000000	00101000
00000000	00000000	00000000	00010001	00000000	00001000
00000101	00000000	00001000	01010001	00000000	00000000
00000101	00000000	00001000	01010001	00000000	00000000
00000000	00000000	00000000	10001001	00000000	00001000
00000000	00000000	00000000	00001001	00000000	00001000
00000101	00000000	00000000	00001001	00000000	00001000
00010101	00000000	00000000	00001001	00000000	00001000
<\HS-EXP2E1>

<EXP-NOHS2E1>
00000010	00000010	00000000	00001001	00000000	10101000
00000011	00000010	00000000	00001001	00000000	10101000
00000000	00000000	00000000	00001001	00000000	00101000
00000000	00000000	00000000	00001001	00000000	00101000
00000101	00000000	00001000	01001001	00000000	00100000
00000101	00000000	00001000	01001001	00000000	00100000
00000000	00000000	00000000	00001001	00000000	00101000
00000000	00000000	00000000	00001001	00000000	00101000
00000101	00000000	00000000	00001001	00000000	00101000
00010101	00000000	00000000	00001001	00000000	00101000
<\EXP-NOHS2E1>

SIIBSSSS 	SSI-ISR- 	--H-A-DD 	HC-RR--M 	-EF--P-F 	SSR-CPP-
441 PPPP     	123 23S  	  V M MC 	VG 31  U 	 MI  A R 	CC2 GAX
    3210     	      T  	  F P PD 	R3     X 	 KR  1 A 	23  22L
<HS-rd-clk2E1>
00000010	00000010	00000000	00001001	00000000	10101000
00000011	00000010	00000000	00000001	00000000	10101000
00000000	00000000	00100000	00010001	00000000	00101000
00000000	00000000	00000000	00010001	00000000	00001000
00000101	00000000	00000000	01010001	00000000	00000010
00000101	00000000	00000000	01010001	00000000	00000000
00000000	00000000	00000000	10001001	00000000	00001000
00000000	00000000	00000000	00001001	00000000	00001000
00000101	00000000	00000000	00001001	00000000	00001000
00010101	00000000	00000000	00001001	00000000	00001000
<\HS-rd-clk2E1>

SIIBSSSS 	SSI-ISR- 	--H-A-DD 	HC-RR--M 	-EF--P-F 	SSR-CPP-
441 PPPP     	123 23S  	  V M MC 	VG 31  U 	 MI  A R 	CC2 GAX
    3210     	      T  	  F P PD 	R3     X 	 KR  1 A 	23  22L
<HS-rd2E1>
00000010	00000010	00000000	00001001	00000000	10101000
00000011	00000010	00000000	00000001	00000000	10101000
00000000	00000000	00100000	00010001	00000000	00101000
00000000	00000000	00000000	00010001	00000000	00001000
00000101	00000000	00000000	01010001	00000000	00000000
00000101	00000000	00000000	01010001	00000000	00000000
00000000	00000000	00000000	10001001	00000000	00001000
00000000	00000000	00000000	00001001	00000000	00001000
00000101	00000000	00000000	00001001	00000000	00001000
00010101	00000000	00000000	00001001	00000000	00001000
<\HS-rd2E1>

SIIBSSSS 	SSI-ISR- 	--H-A-DD 	HC-RR--M 	-EF--P-F 	SSR-CPP-
441 PPPP     	123 23S  	  V M MC 	VG 31  U 	 MI  A R 	CC2 GAX
    3210     	      T  	  F P PD 	R3     X 	 KR  1 A 	23  22L
<HS-amp-rst2E1>
00000010	00000010	00000000	00001001	00000000	10101000
00000011	00000010	00000000	00000001	00000000	10101000
00000000	00000000	00100000	00010001	00000000	00101000
00000000	00000000	00000000	00010001	00000000	00001000
00000101	00000000	00001000	01010001	00000000	00000000
00000101	00000000	00001000	01010001	00000000	00000000
00000000	00000000	00000000	10001001	00000000	00001000
00000000	00000000	00000000	00001001	00000000	00001000
00000101	00000000	00000000	00001001	00000000	00001000
00010101	00000000	00000000	00001001	00000000	00001000
<\HS-amp-rst2E1>

SIIBSSSS 	SSI-ISR- 	--H-A-DD 	HC-RR--M 	-EF--P-F 	SSR-CPP-
441 PPPP     	123 23S  	  V M MC 	VG 31  U 	 MI  A R 	CC2 GAX
    3210     	      T  	  F P PD 	R3     X 	 KR  1 A 	23  22L
<HBIN2E1>
00000010	00000000	00000000	00001001	00000000	00101000
00000011	00000000	00000000	00000001	00000000	00101000
00000000	00000000	00100000	00010001	00000000	00101000
00000000	00000000	00000000	00010001	00000000	00001000
00000101	00000000	00000000	01010001	00000000	00001000
00000101	00000000	00000000	01010001	00000000	00001000
00000000	00000000	00000000	10001001	00000000	00001000
00000000	00000000	00000000	00001001	00000000	00001000
00000101	00000000	00000000	00001001	00000000	00001000
00010101	00000000	00000000	00001001	00000000	00001000
<\HBIN2E1>


****************************************************************************************
****************************************************************************************
