CCD-4710 PATTERNS (MHz)
-----------------

Turning off horz clocks during exposure at higher speeds to
stop 'background dark signal' and 'glow'.

SIIB---- 	SSI-ISR- 	-PF-AD-- 	RC-RR--M 	D-FD---F 	SSR-C-P-
441      	123 23S  	 E  MS   	 D 31  U 	S IS   R 	CC2 T X
		      T		 N  PR		 S		P RN   A	    G L
<VS-st>
00100000	00100010	00001000	01001000	00000000	00100000
00100000	00000010	00001000	01001000	00000000	00100000
00100000	00001010	00001000	01001000	00000000	00100000
00100000	00001010	00001000	01001000	00000000	00100000
00000000	00001010	00001000	01001000	00000000	00100000
00000000	00101010	00001000	01001000	00000000	00100000
00010000	00100010	00001000	01001000	00000000	00100000
<\VS-st>					
					
<VS-all>	
00100000	00100010	00001000	01001000	00000000	00100000
00100000	00000010	00001000	01001000	00000000	00100000
00100000	00001010	00001000	01001000	00000000	00100000
00100000	00001010	00001000	01001000	00000000	00100000
00000000	00001010	00001000	01001000	00000000	00100000
00000000	00101010	00001000	01001000	00000000	00100000
00010000	00100010	00001000	01001000	00000000	00100000
<\VS-all>	

<PDT>
00001001	00000000	00001000	01001000	00000000	00100000
00000000	00000000	00001000	01001000	00000000	00100000
00000000	00000000	00001000	01001000	00000000	00100000
00010000	00000000	00001000	01001000	00000000	00100000
<\PDT>

<HV>					
00000000	00000000	00000000	00001001	00000000	00101000
00000000	00000000	00000000	00001001	00000000	00101000
00000000	00000000	00000000	00001001	00000000	00101000
00010000	00000000	00000000	00001001	00000000	00101000
<\HV>

<VH>					
00000000	00000000	00000000	00001001	00000000	00101000
00000000	00000000	00000000	00001001	00000000	00101000
00000000	00000000	00000000	00001001	00000000	00101000
00010100	00000000	00000000	00001001	00000000	00101000
<\VH>					


****************************************************************************************
5MHz Starts Here (actually 4.4MHz with 18 lines)


<HS4H5>	
00000000	00000000	00000000	00001000	00000000	00000000
00000001	00000000	00000000	00001000	00000000	00000000
00000000	00000000	00000000	00001000	00000000	00100000
00000000	00000010	00000000	00000000	00000000	00100000
00000000	00000010	00000000	00000000	00000000	10100000
00000000	00000000	00000000	00010000	00000000	00100000
00000000	00000000	00000000	00010000	00000000	00000000
00000000	00000000	00001000	01010000	00000000	00000000
00000000	00000000	00000000	01010000	00000000	00000000
00000000	00000000	00000000	01010000	00000000	00000000
00000000	00000000	00000000	00011000	00000000	00000000
00000000	00000000	00000000	00001000	00000000	00000000
00000000	00000000	00000000	00001000	00000000	10000000
00000000	00000000	00000000	00001000	00000000	00000000
00000000	00000000	00000000	00001000	00000000	00000000
00010000	00000000	00000000	00001000	00000000	00000000
<\HS4H5>

<HS-exp4H5>					
00000000	00000000	00000000	00001000	00000000	00000000
00000001	00000000	00000000	00001000	00000000	00000000
00000000	00000000	00000000	00001000	00000000	00100000
00000000	00000010	00000000	00000000	00000000	00100000
00000000	00000010	00000000	00000000	00000000	10100000
00000000	00000000	00000000	00010000	00000000	00100000
00000000	00000000	00000000	00010000	00000000	00000000
00000000	00000000	00001000	01010000	00000000	00000000
00000000	00000000	00000000	01010000	00000000	00000000
00000000	00000000	00000000	01010000	00000000	00000000
00000000	00000000	00000000	00011000	00000000	00000000
00000000	00000000	00000000	00001000	00000000	00000000
00000000	00000000	00000000	00001000	00000000	10000000
00000000	00000000	00000000	00001000	00000000	00000000
00000000	00000000	00000000	00001000	00000000	00000000
00010000	00000000	00000000	00001000	00000000	00000000
<\HS-exp4H5>				
					
SIIB---- 	SSI-ISR- 	-PF-AD-- 	RC-RR--M 	D-FD---F 	SSR-C-P-
441      	123 23S  	 E  MS   	 D 31  U 	S IS   R 	CC2 T X
		      T		 N  PR		 S		P RN   A	    G L
<HS-rd-clk4H5>
00000000	00000000	00000000	00001000	00000000	00000000
00000001	00000000	00000000	00001000	00000000	00000000
00000000	00000000	00000000	00001000	00000000	00100000
00000000	00000010	00000000	00000000	00000000	00100010
00000000	00000010	00000000	00000000	00000000	10100000
00000000	00000000	00000000	00010000	00000000	00100000
00000000	00000000	00000000	00010000	00000000	00000000
00000000	00000000	00001000	01010000	00000000	00000000
00000000	00000000	00000000	01010000	00000000	00000000
00000000	00000000	00000000	01010000	00000000	00000000
00000000	00000000	00000000	00011000	00000000	00000000
00000000	00000000	00000000	00001000	00000000	00000000
00000000	00000000	00000000	00001000	00000000	10000010
00000000	00000000	00000000	00001000	00000000	00000000
00000000	00000000	00000000	00001000	00000000	00000000
00010000	00000000	00000000	00001000	00000000	00000000
<\HS-rd-clk4H5>	
					
<HS-rd4H5>				
00000000	00000000	00000000	00001000	00000000	00000000
00000001	00000000	00000000	00001000	00000000	00000000
00000000	00000000	00000000	00001000	00000000	00100000
00000000	00000010	00000000	00000000	00000000	00100000
00000000	00000010	00000000	00000000	00000000	10100000
00000000	00000000	00000000	00010000	00000000	00100000
00000000	00000000	00000000	00010000	00000000	00000000
00000000	00000000	00001000	01010000	00000000	00000000
00000000	00000000	00000000	01010000	00000000	00000000
00000000	00000000	00000000	01010000	00000000	00000000
00000000	00000000	00000000	00011000	00000000	00000000
00000000	00000000	00000000	00001000	00000000	00000000
00000000	00000000	00000000	00001000	00000000	10000000
00000000	00000000	00000000	00001000	00000000	00000000
00000000	00000000	00000000	00001000	00000000	00000000
00010000	00000000	00000000	00001000	00000000	00000000
<\HS-rd4H5>				

<HS-amp-rst4H5>				
00000000	00000000	00000000	00001000	00000000	00000000
00000001	00000000	00000000	00001000	00000000	00000000
00000000	00000000	00000000	00001000	00000000	00100000
00000000	00000010	00000000	00000000	00000000	00100000
00000000	00000010	00000000	00000000	00000000	10100000
00000000	00000000	00000000	00010000	00000000	00100000
00000000	00000000	00000000	00010000	00000000	00000000
00000000	00000000	00001000	01010000	00000000	00000000
00000000	00000000	00000000	01010000	00000000	00000000
00000000	00000000	00000000	01010000	00000000	00000000
00000000	00000000	00000000	00011000	00000000	00000000
00000000	00000000	00000000	00001000	00000000	00000000
00000000	00000000	00000000	00001000	00000000	10000000
00000000	00000000	00000000	00001000	00000000	00000000
00000000	00000000	00000000	00001000	00000000	00000000
00010000	00000000	00000000	00001000	00000000	00000000
<\HS-amp-rst4H5>				

<HBIN4H5>					
00000001	00000000	00000000	00001000	00000000	00000000
00000001	00000000	00000000	00001000	00000000	00100000
00000001	00000000	00000000	00000000	00000000	00100000
00000001	00000000	00000000	00010000	00000000	00100000
00000001	00000000	00000000	00010000	00000000	00000000
00000001	00000000	00000000	00010000	00000000	00000000
00000001	00000000	00000000	00011000	00000000	00000000
00010001	00000000	00000000	00001000	00000000	00000000
<\HBIN4H5>	

****************************************************************************************
3MHz Starts Here

<HS4H3>	
00000010	00000000	00000000	00001000	00000000	00000000
00000000	00000000	00000000	00001000	00000000	00000000
00000000	00000000	00000000	00001000	00000000	00000000
00000000	00000000	00000000	00001000	00000000	00000000
00000000	00000000	00000000	00001000	00000000	10000000
00000000	00000000	00000000	00001000	00000000	00100000
00000001	00000010	00000000	00000000	00000000	00100000
00000000	00000000	00000000	00000000	00000000	00100000
00000000	00000000	00000000	00010000	00000000	00100000
00000000	00000000	00001000	01010000	00000000	00000000
00000001	00000000	00001000	01010000	00000000	00000000
00000000	00000000	00000000	01010000	00000000	00000000
00000001	00000000	00000000	01010000	00000000	00000000
00000000	00000000	00000000	01010000	00000000	00000000
00000000	00000000	00000000	01010000	00000000	00000000
00000000	00000000	00000000	01010000	00000000	00000000
00000000	00000000	00000000	00010000	00000000	00000000
00000000	00000000	00000000	00011000	00000000	10000000
00000000	00000000	00000000	00001000	00000000	00000000
00010001	00000000	00000000	00001000	00000000	00000000
<\HS4H3>

<HS-exp4H3>					
00000010	00000000	00000000	00001000	00000000	00100000
00000000	00000000	00000000	00001000	00000000	00100000
00000000	00000000	00000000	00001000	00000000	00100000
00000000	00000000	00000000	00001000	00000000	00100000
00000000	00000000	00000000	00001000	00000000	10100000
00000000	00000000	00000000	00001000	00000000	00100000
00000001	00000010	00000000	00001000	00000000	00100000
00000000	00000000	00000000	00001000	00000000	00100000
00000000	00000000	00000000	00001000	00000000	00100000
00000000	00000000	00001000	01001000	00000000	00100000
00000001	00000000	00001000	01001000	00000000	00100000
00000000	00000000	00000000	01001000	00000000	00100000
00000001	00000000	00000000	01001000	00000000	00100000
00000000	00000000	00000000	01001000	00000000	00100000
00000000	00000000	00000000	01001000	00000000	00100000
00000000	00000000	00000000	01001000	00000000	00100000
00000000	00000000	00000000	00001000	00000000	00100000
00000000	00000000	00000000	00001000	00000000	10100000
00000000	00000000	00000000	00001000	00000000	00100000
00010001	00000000	00000000	00001000	00000000	00100000
<\HS-exp4H3>				
					
SIIB---- 	SSI-ISR- 	-PF-AD-- 	RC-RR--M 	D-FD---F 	SSR-C-P-
441      	123 23S  	 E  MS   	 D 31  U 	S IS   R 	CC2 T X
		      T		 N  PR		 S		P RN   A	    G L
<HS-rd-clk4H3>
00000010	00000000	00000000	00001000	00000000	00000000
00000000	00000000	00000000	00001000	00000000	00000000
00000000	00000000	00000000	00001000	00000000	00000000
00000000	00000000	00000000	00001000	00000000	00000010
00000000	00000000	00000000	00001000	00000000	10000000
00000000	00000000	00000000	00001000	00000000	00100000
00000001	00000010	00000000	00000000	00000000	00100000
00000000	00000000	00000000	00000000	00000000	00100000
00000000	00000000	00000000	00010000	00000000	00100000
00000000	00000000	00000000	01010000	00000000	00000000
00000001	00000000	00000000	01010000	00000000	00000000
00000000	00000000	00000000	01010000	00000000	00000000
00000001	00000000	00000000	01010000	00000000	00000010
00000000	00000000	00000000	01010000	00000000	00000000
00000000	00000000	00000000	01010000	00000000	00000000
00000000	00000000	00000000	01010000	00000000	00000000
00000000	00000000	00000000	00010000	00000000	00000000
00000000	00000000	00000000	00011000	00000000	10000000
00000000	00000000	00000000	00001000	00000000	00000000
00010001	00000000	00000000	00001000	00000000	00000000
<\HS-rd-clk4H3>	
					
<HS-rd4H3>				
00000010	00000000	00000000	00001000	00000000	00000000
00000000	00000000	00000000	00001000	00000000	00000000
00000000	00000000	00000000	00001000	00000000	00000000
00000000	00000000	00000000	00001000	00000000	00000000
00000000	00000000	00000000	00001000	00000000	10000000
00000000	00000000	00000000	00001000	00000000	00100000
00000001	00000010	00000000	00000000	00000000	00100000
00000000	00000000	00000000	00000000	00000000	00100000
00000000	00000000	00000000	00010000	00000000	00100000
00000000	00000000	00000000	01010000	00000000	00000000
00000001	00000000	00000000	01010000	00000000	00000000
00000000	00000000	00000000	01010000	00000000	00000000
00000001	00000000	00000000	01010000	00000000	00000000
00000000	00000000	00000000	01010000	00000000	00000000
00000000	00000000	00000000	01010000	00000000	00000000
00000000	00000000	00000000	01010000	00000000	00000000
00000000	00000000	00000000	00010000	00000000	00000000
00000000	00000000	00000000	00011000	00000000	10000000
00000000	00000000	00000000	00001000	00000000	00000000
00010001	00000000	00000000	00001000	00000000	00000000
<\HS-rd4H3>				

<HS-amp-rst4H3>				
00000010	00000000	00000000	00001000	00000000	00000000
00000000	00000000	00000000	00001000	00000000	00000000
00000000	00000000	00000000	00001000	00000000	00000000
00000000	00000000	00000000	00001000	00000000	00000000
00000000	00000000	00000000	00001000	00000000	10000000
00000000	00000000	00000000	00001000	00000000	00100000
00000001	00000010	00000000	00000000	00000000	00100000
00000000	00000000	00000000	00000000	00000000	00100000
00000000	00000000	00000000	00010000	00000000	00100000
00000000	00000000	00001000	01010000	00000000	00000000
00000001	00000000	00001000	01010000	00000000	00000000
00000000	00000000	00000000	01010000	00000000	00000000
00000001	00000000	00000000	01010000	00000000	00000000
00000000	00000000	00000000	01010000	00000000	00000000
00000000	00000000	00000000	01010000	00000000	00000000
00000000	00000000	00000000	01010000	00000000	00000000
00000000	00000000	00000000	00010000	00000000	00000000
00000000	00000000	00000000	00011000	00000000	10000000
00000000	00000000	00000000	00001000	00000000	00000000
00010001	00000000	00000000	00001000	00000000	00000000
<\HS-amp-rst4H3>				

<HBIN4H3>					
00000001	00000000	00000000	00001000	00000000	00000000
00000001	00000000	00000000	00001000	00000000	00100000
00000001	00000000	00000000	00000000	00000000	00100000
00000001	00000000	00000000	00010000	00000000	00100000
00000001	00000000	00000000	00010000	00000000	00000000
00000001	00000000	00000000	00010000	00000000	00000000
00000001	00000000	00000000	00011000	00000000	00000000
00010001	00000000	00000000	00001000	00000000	00000000
<\HBIN4H3>	


****************************************************************************************
1MHz Starts Here
SIIB---- 	SSI-ISR- 	-PF-AD-- 	RC-RR--M 	D-FD---F 	SSR-C-P-
441      	123 23S  	 E  MS   	 D 31  U 	S IS   R 	CC2 T X
		      T		 N  PR		 S		P RN   A	    G L

<HS4H1>	
00000101	00000000	00000000	00001000	00000000	00000000
00000001	00000000	00000000	00001000	00000000	00000000
00000011	00000000	00000000	00001000	00000000	10000000
00000011	00000000	00000000	00001000	00000000	00000000
00000001	00000000	00000000	00001000	00000000	00000000
00000011	00000000	00000000	00001000	00000000	00000000
00000000	00000000	00000000	00001000	00000000	00100000
00000001	00000010	00000000	00000000	00000000	00100000
00000000	00000000	00000000	00000000	00000000	00100000
00000001	00000000	00000000	00010000	00000000	00100000
00000001	00000000	00001000	01010000	00000000	00000000
00000001	00000000	00000000	01010000	00000000	00000000
00000011	00000000	00000000	01010000	00000000	00000000
00000011	00000000	00000000	00010000	00000000	00000000
00000001	00000000	00000000	00010000	00000000	10000000
00000011	00000000	00000000	00010000	00000000	00000000
00000011	00000000	00000000	00010000	00000000	00000000
00000001	00000000	00000000	00010000	00000000	00000000
00000001	00000000	00000000	00010000	00000000	00000000
00000001	00000000	00000000	00010000	00000000	00000000
00000001	00000000	00000000	00011000	00000000	00000000
00010000	00000000	00000000	00001000	00000000	00000000
<\HS4H1>

<HS-exp4H1>					
00000101	00000000	00000000	00001000	00000000	00100000
00000001	00000000	00000000	00001000	00000000	00100000
00000011	00000000	00000000	00001000	00000000	10100000
00000011	00000000	00000000	00001000	00000000	00100000
00000001	00000000	00000000	00001000	00000000	00100000
00000011	00000000	00000000	00001000	00000000	00100000
00000000	00000000	00000000	00001000	00000000	00100000
00000001	00000010	00000000	00001000	00000000	00100000
00000000	00000000	00000000	00001000	00000000	00100000
00000001	00000000	00000000	00001000	00000000	00100000
00000001	00000000	00001000	01001000	00000000	00100000
00000001	00000000	00000000	01001000	00000000	00100000
00000011	00000000	00000000	01001000	00000000	00100000
00000011	00000000	00000000	00001000	00000000	00100000
00000001	00000000	00000000	00001000	00000000	10100000
00000011	00000000	00000000	00001000	00000000	00100000
00000011	00000000	00000000	00001000	00000000	00100000
00000001	00000000	00000000	00001000	00000000	00100000
00000001	00000000	00000000	00001000	00000000	00100000
00000001	00000000	00000000	00001000	00000000	00100000
00000001	00000000	00000000	00001000	00000000	00100000
00010000	00000000	00000000	00001000	00000000	00100000
<\HS-exp4H1>				
					
SIIB---- 	SSI-ISR- 	-PF-AD-- 	RC-RR--M 	D-FD---F 	SSR-C-P-
441      	123 23S  	 E  MS   	 D 31  U 	S IS   R 	CC2 T X
		      T		 N  PR		 S		P RN   A	    G L
<HS-rd-clk4H1>
00000101	00000000	00000000	00001000	00000000	00000000
00000001	00000000	00000000	00001000	00000000	00000010
00000011	00000000	00000000	00001000	00000000	10000000
00000011	00000000	00000000	00001000	00000000	00000000
00000001	00000000	00000000	00001000	00000000	00000000
00000011	00000000	00000000	00001000	00000000	00000000
00000000	00000000	00000000	00001000	00000000	00100000
00000001	00000010	00000000	00000000	00000000	00100000
00000000	00000000	00000000	00000000	00000000	00100000
00000001	00000000	00000000	00010000	00000000	00100000
00000001	00000000	00000000	01010000	00000000	00000000
00000001	00000000	00000000	01010000	00000000	00000000
00000011	00000000	00000000	01010000	00000000	00000000
00000011	00000000	00000000	00010000	00000000	00000010
00000001	00000000	00000000	00010000	00000000	10000000
00000011	00000000	00000000	00010000	00000000	00000000
00000011	00000000	00000000	00010000	00000000	00000000
00000001	00000000	00000000	00010000	00000000	00000000
00000001	00000000	00000000	00010000	00000000	00000000
00000001	00000000	00000000	00010000	00000000	00000000
00000001	00000000	00000000	00011000	00000000	00000000
00010000	00000000	00000000	00001000	00000000	00000000
<\HS-rd-clk4H1>	
					
<HS-rd4H1>				
00000101	00000000	00000000	00001000	00000000	00000000
00000001	00000000	00000000	00001000	00000000	00000000
00000011	00000000	00000000	00001000	00000000	10000000
00000011	00000000	00000000	00001000	00000000	00000000
00000001	00000000	00000000	00001000	00000000	00000000
00000011	00000000	00000000	00001000	00000000	00000000
00000000	00000000	00000000	00001000	00000000	00100000
00000001	00000010	00000000	00000000	00000000	00100000
00000000	00000000	00000000	00000000	00000000	00100000
00000001	00000000	00000000	00010000	00000000	00100000
00000001	00000000	00000000	01010000	00000000	00000000
00000001	00000000	00000000	01010000	00000000	00000000
00000011	00000000	00000000	01010000	00000000	00000000
00000011	00000000	00000000	00010000	00000000	00000000
00000001	00000000	00000000	00010000	00000000	10000000
00000011	00000000	00000000	00010000	00000000	00000000
00000011	00000000	00000000	00010000	00000000	00000000
00000001	00000000	00000000	00010000	00000000	00000000
00000001	00000000	00000000	00010000	00000000	00000000
00000001	00000000	00000000	00010000	00000000	00000000
00000001	00000000	00000000	00011000	00000000	00000000
00010000	00000000	00000000	00001000	00000000	00000000
<\HS-rd4H1>				

SIIB---- 	SSI-ISR- 	-PF-AD-- 	RC-RR--M 	D-FD---F 	SSR-C-P-
441      	123 23S  	 E  MS   	 D 31  U 	S IS   R 	CC2 T X
		      T		 N  PR		 S		P RN   A	    G L
<HS-amp-rst4H1>				
00000101	00000000	00000000	00001000	00000000	00000000
00000001	00000000	00000000	00001000	00000000	00000000
00000011	00000000	00000000	00001000	00000000	10000000
00000011	00000000	00000000	00001000	00000000	00000000
00000001	00000000	00000000	00001000	00000000	00000000
00000011	00000000	00000000	00001000	00000000	00000000
00000000	00000000	00000000	00001000	00000000	00100000
00000001	00000010	00000000	00000000	00000000	00100000
00000000	00000000	00000000	00000000	00000000	00100000
00000001	00000000	00000000	00010000	00000000	00100000
00000001	00000000	00001000	01010000	00000000	00000000
00000001	00000000	00000000	01010000	00000000	00000000
00000011	00000000	00000000	01010000	00000000	00000000
00000011	00000000	00000000	00010000	00000000	00000000
00000001	00000000	00000000	00010000	00000000	10000000
00000011	00000000	00000000	00010000	00000000	00000000
00000011	00000000	00000000	00010000	00000000	00000000
00000001	00000000	00000000	00010000	00000000	00000000
00000001	00000000	00000000	00010000	00000000	00000000
00000001	00000000	00000000	00010000	00000000	00000000
00000001	00000000	00000000	00011000	00000000	00000000
00010000	00000000	00000000	00001000	00000000	00000000
<\HS-amp-rst4H1>				


<HBIN4H1>					
00000001	00000000	00000000	00001000	00000000	00000000
00000001	00000000	00000000	00001000	00000000	00100000
00000001	00000000	00000000	00000000	00000000	00100000
00000001	00000000	00000000	00010000	00000000	00100000
00000001	00000000	00000000	00010000	00000000	00000000
00000001	00000000	00000000	00010000	00000000	00000000
00000001	00000000	00000000	00011000	00000000	00000000
00010001	00000000	00000000	00001000	00000000	00000000
<\HBIN4H1>	

****************************************************************************************
0.05MHz Starts Here

<HS4H0.05>	
00000111	00000000	00000000	00001000	00000000	00000000
00000111	00000000	00000000	00001000	00000000	00000000
00000111	00000000	00000000	00001000	00000000	10000000
00000111	00000000	00000000	00001000	00000000	00000000
00001001	00000000	00000000	00001000	00000000	00000000
00000111	00000000	00000000	00001000	00000000	00000000
00000100	00000000	00000000	00001000	00000000	00000000
00000111	00000000	00000000	00001000	00000000	00000000
00000010	00000000	00000000	00001000	00000000	00100000
00000101	00000000	00000000	00000000	00000000	00100000
00000101	00000010	00000000	00000000	00000000	00100000
00000010	00000000	00000000	00010000	00000000	00100000
00000111	00000000	00001000	01010000	00000000	00000000
00000100	00000000	00000000	00010000	00000000	00000000
00000111	00000000	00000000	00010000	00000000	10000000
00000111	00000000	00000000	00010000	00000000	00000000
00001000	00000000	00000000	00010000	00000000	00000000
00000111	00000000	00000000	00010000	00000000	00000000
00000111	00000000	00000000	00010000	00000000	00000000
00000111	00000000	00000000	00010000	00000000	00000000
00000111	00000000	00000000	00010000	00000000	00000000
00000111	00000000	00000000	00010000	00000000	00000000
00000110	00000000	00000000	00010000	00000000	00000000
00000001	00000000	00000000	00011000	00000000	00000000
00000101	00000000	00000000	00001000	00000000	00000000
00000111	00000000	00000000	00001000	00000000	00000000
00011000	00000000	00000000	00001000	00000000	00000000

<\HS4H0.05>

<HS-exp4H0.05>					
00000111	00000000	00000000	00001000	00000000	00100000
00000111	00000000	00000000	00001000	00000000	00100000
00000111	00000000	00000000	00001000	00000000	10100000
00000111	00000000	00000000	00001000	00000000	00100000
00001001	00000000	00000000	00001000	00000000	00100000
00000111	00000000	00000000	00001000	00000000	00100000
00000100	00000000	00000000	00001000	00000000	00100000
00000111	00000000	00000000	00001000	00000000	00100000
00000010	00000000	00000000	00001000	00000000	00100000
00000101	00000000	00000000	00001000	00000000	00100000
00000101	00000010	00000000	00001000	00000000	00100000
00000010	00000000	00000000	00001000	00000000	00100000
00000111	00000000	00001000	01001000	00000000	00100000
00000100	00000000	00000000	00001000	00000000	00100000
00000111	00000000	00000000	00001000	00000000	10100000
00000111	00000000	00000000	00001000	00000000	00100000
00001000	00000000	00000000	00001000	00000000	00100000
00000111	00000000	00000000	00001000	00000000	00100000
00000111	00000000	00000000	00001000	00000000	00100000
00000111	00000000	00000000	00001000	00000000	00100000
00000111	00000000	00000000	00001000	00000000	00100000
00000111	00000000	00000000	00001000	00000000	00100000
00000110	00000000	00000000	00001000	00000000	00100000
00000001	00000000	00000000	00001000	00000000	00100000
00000101	00000000	00000000	00001000	00000000	00100000
00000111	00000000	00000000	00001000	00000000	00100000
00011000	00000000	00000000	00001000	00000000	00100000
<\HS-exp4H0.05>				
					
SIIB---- 	SSI-ISR- 	-PF-AD-- 	RC-RR--M 	D-FD---F 	SSR-C-P-
441      	123 23S  	 E  MS   	 D 31  U 	S IS   R 	CC2 T X
		      T		 N  PR		 S		P RN   A	    G L
<HS-rd-clk4H0.05>
00000111	00000000	00000000	00001000	00000000	00000000
00000111	00000000	00000000	00001000	00000000	00000010
00000111	00000000	00000000	00001000	00000000	10000000
00000111	00000000	00000000	00001000	00000000	00000000
00001001	00000000	00000000	00001000	00000000	00000000
00000111	00000000	00000000	00001000	00000000	00000000
00000100	00000000	00000000	00001000	00000000	00000000
00000111	00000000	00000000	00001000	00000000	00000000
00000010	00000000	00000000	00001000	00000000	00100000
00000101	00000000	00000000	00000000	00000000	00100000
00000101	00000010	00000000	00000000	00000000	00100000
00000010	00000000	00000000	00010000	00000000	00100000
00000111	00000000	00001000	01010000	00000000	00000000
00000100	00000000	00000000	00010000	00000000	00000010
00000111	00000000	00000000	00010000	00000000	10000000
00000111	00000000	00000000	00010000	00000000	00000000
00001000	00000000	00000000	00010000	00000000	00000000
00000111	00000000	00000000	00010000	00000000	00000000
00000111	00000000	00000000	00010000	00000000	00000000
00000111	00000000	00000000	00010000	00000000	00000000
00000111	00000000	00000000	00010000	00000000	00000000
00000111	00000000	00000000	00010000	00000000	00000000
00000110	00000000	00000000	00010000	00000000	00000000
00000001	00000000	00000000	00011000	00000000	00000000
00000101	00000000	00000000	00001000	00000000	00000000
00000111	00000000	00000000	00001000	00000000	00000000
00011000	00000000	00000000	00001000	00000000	00000000
<\HS-rd-clk4H0.05>	
					
<HS-rd4H0.05>				
00000111	00000000	00000000	00001000	00000000	00000000
00000111	00000000	00000000	00001000	00000000	00000000
00000111	00000000	00000000	00001000	00000000	10000000
00000111	00000000	00000000	00001000	00000000	00000000
00001001	00000000	00000000	00001000	00000000	00000000
00000111	00000000	00000000	00001000	00000000	00000000
00000100	00000000	00000000	00001000	00000000	00000000
00000111	00000000	00000000	00001000	00000000	00000000
00000010	00000000	00000000	00001000	00000000	00100000
00000101	00000000	00000000	00000000	00000000	00100000
00000101	00000010	00000000	00000000	00000000	00100000
00000010	00000000	00000000	00010000	00000000	00100000
00000111	00000000	00001000	01010000	00000000	00000000
00000100	00000000	00000000	00010000	00000000	00000000
00000111	00000000	00000000	00010000	00000000	10000000
00000111	00000000	00000000	00010000	00000000	00000000
00001000	00000000	00000000	00010000	00000000	00000000
00000111	00000000	00000000	00010000	00000000	00000000
00000111	00000000	00000000	00010000	00000000	00000000
00000111	00000000	00000000	00010000	00000000	00000000
00000111	00000000	00000000	00010000	00000000	00000000
00000111	00000000	00000000	00010000	00000000	00000000
00000110	00000000	00000000	00010000	00000000	00000000
00000001	00000000	00000000	00011000	00000000	00000000
00000101	00000000	00000000	00001000	00000000	00000000
00000111	00000000	00000000	00001000	00000000	00000000
00011000	00000000	00000000	00001000	00000000	00000000
<\HS-rd4H0.05>				

<HS-amp-rst4H0.05>				
00000111	00000000	00000000	00001000	00000000	00000000
00000111	00000000	00000000	00001000	00000000	00000000
00000111	00000000	00000000	00001000	00000000	10000000
00000111	00000000	00000000	00001000	00000000	00000000
00001001	00000000	00000000	00001000	00000000	00000000
00000111	00000000	00000000	00001000	00000000	00000000
00000100	00000000	00000000	00001000	00000000	00000000
00000111	00000000	00000000	00001000	00000000	00000000
00000010	00000000	00000000	00001000	00000000	00100000
00000101	00000000	00000000	00000000	00000000	00100000
00000101	00000010	00000000	00000000	00000000	00100000
00000010	00000000	00000000	00010000	00000000	00100000
00000111	00000000	00001000	01010000	00000000	00000000
00000100	00000000	00000000	00010000	00000000	00000000
00000111	00000000	00000000	00010000	00000000	10000000
00000111	00000000	00000000	00010000	00000000	00000000
00001000	00000000	00000000	00010000	00000000	00000000
00000111	00000000	00000000	00010000	00000000	00000000
00000111	00000000	00000000	00010000	00000000	00000000
00000111	00000000	00000000	00010000	00000000	00000000
00000111	00000000	00000000	00010000	00000000	00000000
00000111	00000000	00000000	00010000	00000000	00000000
00000110	00000000	00000000	00010000	00000000	00000000
00000001	00000000	00000000	00011000	00000000	00000000
00000101	00000000	00000000	00001000	00000000	00000000
00000111	00000000	00000000	00001000	00000000	00000000
00011000	00000000	00000000	00001000	00000000	00000000
<\HS-amp-rst4H0.05>				

<HBIN4H0.05>					
00000001	00000000	00000000	00001000	00000000	00000000
00000001	00000000	00000000	00001000	00000000	00100000
00000001	00000000	00000000	00000000	00000000	00100000
00000001	00000000	00000000	00010000	00000000	00100000
00000001	00000000	00000000	00010000	00000000	00000000
00000001	00000000	00000000	00010000	00000000	00000000
00000001	00000000	00000000	00011000	00000000	00000000
00010001	00000000	00000000	00001000	00000000	00000000
<\HBIN4H0.05>	


****************************************************************************************
END OF FILE

