Modified 14-09-04 by MAB/BR to increase overlap of transition R3 to R1 to
remove 33KHz noise.
Upped to P03 (21-10-04) to correct VH & HV with DD. Also modified to ensure 33khz pattern files
are rounded off to 100nS sections to remove possibility of 33KHz noise.

P04 - Modfied to combat banding problem in accumulations. Removed 1 cycle from each Horz readout (firstline).
	+ Changed 99 to 20 so file information reads D*420.  MH 02/09/2005

P14 - Modified to combat glow, clocking sensor during exposure according to E2V spec no other change. MH 5/12/2005 

SIIB---- 	SSI-ISR- 	--F-A--- 	R--RR--M 	--F----F 	SSR-C-P-
441      	123 23S  	    M    	   31  U 	  I    R 	CC2 T X
         	      T  	    P    	       X 	  R    A 	51  G L
<VS-st>
00000000	00100010	00000100	00001000	00000000	00100000
00100000	00100010	00000100	00001000	00000000	00100000
00100000	00000010	00000100	00001000	00000000	00100000
00100000	00001010	00000100	00001000	00000000	00100000
00000000	00001010	00000100	00001000	00000000	00100000
00000000	00101010	00000100	00001000	00000000	00100000
00000000	00100010	00000100	00001000	00000000	00100000
00000000	00000010	00000100	00001000	00000000	00100000
00000000	00000010	00000100	00001000	00000000	00100000
00010000	00000010	00000100	00001000	00000000	00100000
<\VS-st>					


The following is not used:					
<VS-all>	
00000000	00100010	00000100	00001000	00000000	00100000
00100000	00100010	00000100	00001000	00000000	00100000
00100000	00000010	00000100	00001000	00000000	00100000
00100000	00001010	00000100	00001000	00000000	00100000
00000000	00001010	00000100	00001000	00000000	00100000
00000000	00101010	00000100	00001000	00000000	00100000
00000000	00100010	00000100	00001000	00000000	00100000
00000000	00000010	00000100	00001000	00000000	00100000
00000000	00000010	00000100	00001000	00000000	00100000
00010000	00000010	00000100	00001000	00000000	00100000
<\VS-all>				

SIIB---- 	SSI-ISR- 	--F-A--- 	R--RR--M 	--F----F 	SSR-C-P-
441      	123 23S  	    M    	   31  U 	  I    R 	CC2 T X
         	      T  	    P    	       X 	  R    A 	51  G L
<HV>					
00000000	00000010	00000100	00001000	00000000	00100000
00000000	00000010	00000100	00001000	00000000	00100000
00000000	00000010	00000100	00001000	00000000	00100000
00010000	00000010	00000100	00001000	00000000	00100000
<\HV>

<VH>					
00000000	00000010	00000100	00001000	00000000	00100000
00000000	00000010	00000100	00001000	00000000	00100000
00000000	00000010	00000100	00001000	00000000	00100000
00010000	00000010	00000100	00001000	00000000	00100000
<\VH>					

<HS4C0.1>	
00000000	00000000	00000000	00001000	00000000	00000000
00000111	00000000	00000000	00001000	10000000	00000000
00001001	00000000	01000000	00001000	00000000	00000000
00000011	00000010	00000000	00000000	00000000	00100000
00000011	00000010	00000000	00000000	00000000	00100000
00000101	00000000	00001000	00010000	00000000	00000000
00000100	00000000	00000100	00010000	00000000	00000000
00000010	00000000	00000000	00010000	00000000	00000000
00010111	00000000	00000000	00010000	00010000	00000000
<\HS4C0.1>

<HS-exp4C0.1>					
00000000	00000010	00000000	00001000	00000000	00100000
00000111	00000010	00000000	00001000	10000000	00100000
00001001	00000010	01000000	00001000	00000000	00100000
00000011	00000010	00000000	00001000	00000000	00100000
00000011	00000010	00000000	00001000	00000000	00100000
00000101	00000010	00001000	00001000	00000000	00100000
00000100	00000010	00000100	00001000	00000000	00100000
00000010	00000010	00000000	00001000	00000000	00100000
00010111	00000010	00000000	00001000	00010000	00100000
<\HS-exp4C0.1>				
					
SIIB---- 	SSI-ISR- 	--F-A--- 	R--RR--M 	--F----F 	SSR-C-P-
441      	123 23S  	    M    	   31  U 	  I    R 	CC2 T X
         	      T  	    P    	       X 	  R    A 	51  G L
<HS-rd-clk4C0.1>					
00000000	00000000	00000000	00001000	00000000	00000000
00000111	00000000	00000000	00001000	10000000	00000000
00001001	00000000	01000000	00001000	00000000	00000010
00000011	00000010	00000000	00000000	00000000	00100000
00000011	00000010	00000000	00000000	00000000	00100000
00000101	00000000	00001000	00010000	00000000	00000000
00000100	00000000	00000100	00010000	00000000	00000000
00000010	00000000	00000000	00010000	00000000	00000000
00010111	00000000	00000000	00010000	00010000	00000000
<\HS-rd-clk4C0.1>		
					
<HS-rd4C0.1>				
00000000	00000000	00000000	00001000	00000000	00000000
00000111	00000000	00000000	00001000	10000000	00000000
00001001	00000000	01000000	00001000	00000000	00000000
00000011	00000010	00000000	00000000	00000000	00100000
00000011	00000010	00000000	00000000	00000000	00100000
00000101	00000000	00001000	00010000	00000000	00000000
00000100	00000000	00000100	00010000	00000000	00000000
00000010	00000000	00000000	00010000	00000000	00000000
00010111	00000000	00000000	00010000	00010000	00000000
<\HS-rd4C0.1>				

<HS-amp-rst4C0.1>				
00000000	00000000	00000000	00001000	00000000	00000000
00000111	00000000	00000000	00001000	10000000	00000000
00001001	00000000	01000000	00001000	00000000	00000000
00000011	00000010	00000000	00000000	00000000	00100000
00000011	00000010	00000000	00000000	00000000	00100000
00000101	00000000	00001000	00010000	00000000	00000000
00000100	00000000	00000100	00010000	00000000	00000000
00000010	00000000	00000000	00010000	00000000	00000000
00010111	00000000	00000000	00010000	00010000	00000000
<\HS-amp-rst4C0.1>				

<HBIN4C0.1>					
00000011	00000000	00000000	00001000	00000000	00000000
00000011	00000000	00000000	00000000	00000000	00100000
00010011	00000000	00000000	00010000	00000000	00000000
<\HBIN4C0.1>	

<HS4C0.05>	
00000000	00000000	00000000	00001000	00000000	00000000
00001001	00000000	00000000	00001000	10000000	00000000
00001001	00000000	01000000	00001000	00000000	00000000
00000100	00000010	00000000	00000000	00000000	00100000
00000100	00000010	00000000	00000000	00000000	00100000
00000101	00000000	00001000	00010000	00000000	00000000
00000100	00000000	00000100	00010000	00000000	00000000
00000010	00000000	00000000	00010000	00000000	00000000
00011001	00000000	00000000	00010000	00010000	00000000
<\HS4C0.05>

<HS-exp4C0.05>					
00000000	00000010	00000000	00001000	00000000	00100000
00001001	00000010	00000000	00001000	10000000	00100000
00001001	00000010	01000000	00001000	00000000	00100000
00000100	00000010	00000000	00001000	00000000	00100000
00000100	00000010	00000000	00001000	00000000	00100000
00000101	00000010	00001000	00001000	00000000	00100000
00000100	00000010	00000100	00001000	00000000	00100000
00000010	00000010	00000000	00001000	00000000	00100000
00011001	00000010	00000000	00001000	00010000	00100000
<\HS-exp4C0.05>				
					
SIIB---- 	SSI-ISR- 	--F-A--- 	R--RR--M 	--F----F 	SSR-C-P-
441      	123 23S  	    M    	   31  U 	  I    R 	CC2 T X
         	      T  	    P    	       X 	  R    A 	51  G L
<HS-rd-clk4C0.05>					
00000000	00000000	00000000	00001000	00000000	00000000
00001001	00000000	00000000	00001000	10000000	00000000
00001001	00000000	01000000	00001000	00000000	00000010
00000100	00000010	00000000	00000000	00000000	00100000
00000100	00000010	00000000	00000000	00000000	00100000
00000101	00000000	00001000	00010000	00000000	00000000
00000100	00000000	00000100	00010000	00000000	00000000
00000010	00000000	00000000	00010000	00000000	00000000
00011001	00000000	00000000	00010000	00010000	00000000
<\HS-rd-clk4C0.05>		
					
<HS-rd4C0.05>				
00000000	00000000	00000000	00001000	00000000	00000000
00001001	00000000	00000000	00001000	10000000	00000000
00001001	00000000	01000000	00001000	00000000	00000000
00000100	00000010	00000000	00000000	00000000	00100000
00000100	00000010	00000000	00000000	00000000	00100000
00000101	00000000	00001000	00010000	00000000	00000000
00000100	00000000	00000100	00010000	00000000	00000000
00000010	00000000	00000000	00010000	00000000	00000000
00011001	00000000	00000000	00010000	00010000	00000000
<\HS-rd4C0.05>				

<HS-amp-rst4C0.05>				
00000000	00000000	00000000	00001000	00000000	00000000
00001001	00000000	00000000	00001000	00000000	00000000
00001001	00000000	01000000	00001000	00000000	00000000
00000100	00000010	00000000	00000000	00000000	00100000
00000100	00000010	00000000	00000000	00000000	00100000
00000101	00000000	00001000	00010000	00000000	00000000
00000100	00000000	00000100	00010000	00000000	00000000
00000010	00000000	00000000	00010000	00000000	00000000
00011001	00000000	00000000	00010000	00000000	00000000
<\HS-amp-rst4C0.05>				

<HBIN4C0.05>					
00000011	00000000	00000000	00001000	00000000	00000000
00000011	00000000	00000000	00000000	00000000	00100000
00010011	00000000	00000000	00010000	00000000	00000000
<\HBIN4C0.05>	

<HS4C0.033>
00000000	00000000	00000000	00011000	00000000	00000000	
00000001	00000000	00000000	00011000	00000000	00000000
00001001	00000000	00000000	00001000	10000000	00000000
00001000	00000000	00000000	00001000	10000000	00000000
00000111	00000000	00000000	00001000	10000000	00000000
00001001	00000000	01000000	00001000	00000000	00000000
00000000	00000000	00000000	00001000	00000000	00100000
00000100	00000010	00000000	00000000	00000000	00100000
00000100	00000010	00000000	00000000	00000000	00100000
00000000	00000000	00000000	00010000	00000000	00100000
00000101	00000000	00001000	00010000	00000000	00000000
00000100	00000000	00000100	00010000	00000000	00000000
00000010	00000000	00000000	00010000	00000000	00000000
00001001	00000000	00000000	00010000	00010000	00000000
00001000	00000000	00000000	00010000	00010000	00000000
00010111	00000000	00000000	00010000	00010000	00000000
<\HS4C0.033>

<HS-exp4C0.033>	
00000000	00000010	00000000	00001000	00000000	00100000
00001001	00000010	00000000	00001000	10000000	00100000
00001000	00000010	00000000	00001000	10000000	00100000
00000111	00000010	00000000	00001000	10000000	00100000
00001001	00000010	01000000	00001000	00000000	00100000
00000000	00000010	00000000	00001000	00000000	00100000
00000100	00000010	00000000	00001000	00000000	00100000
00000100	00000010	00000000	00001000	00000000	00100000
00000000	00000010	00000000	00001000	00000000	00100000
00000101	00000010	00001000	00001000	00000000	00100000
00000100	00000010	00000100	00001000	00000000	00100000
00000010	00000010	00000000	00001000	00000000	00100000
00001001	00000010	00000000	00001000	00010000	00100000
00001000	00000010	00000000	00001000	00010000	00100000
00010111	00000010	00000000	00001000	00010000	00100000
<\HS-exp4C0.033>				
					
SIIB---- 	SSI-ISR- 	--F-A--- 	R--RR--M 	--F----F 	SSR-C-P-
441      	123 23S  	    M    	   31  U 	  I    R 	CC2 T X
         	      T  	    P    	       X 	  R    A 	51  G L
<HS-rd-clk4C0.033>
00000000	00000000	00000000	00011000	00000000	00000000					
00000001	00000000	00000000	00011000	00000000	00000000
00001001	00000000	00000000	00001000	10000000	00000000
00001000	00000000	00000000	00001000	10000000	00000000
00000111	00000000	00000000	00001000	10000000	00000000
00001001	00000000	01000000	00001000	00000000	00000010
00000000	00000000	00000000	00001000	00000000	00100000
00000100	00000010	00000000	00000000	00000000	00100000
00000100	00000010	00000000	00000000	00000000	00100000
00000000	00000000	00000000	00010000	00000000	00100000
00000101	00000000	00001000	00010000	00000000	00000000
00000100	00000000	00000100	00010000	00000000	00000000
00000010	00000000	00000000	00010000	00000000	00000000
00001001	00000000	00000000	00010000	00010000	00000000
00001000	00000000	00000000	00010000	00010000	00000000
00010111	00000000	00000000	00010000	00010000	00000000
<\HS-rd-clk4C0.033>		
					
<HS-rd4C0.033>	
00000000	00000000	00000000	00011000	00000000	00000000			
00000001	00000000	00000000	00011000	00000000	00000000
00001001	00000000	00000000	00001000	10000000	00000000
00001000	00000000	00000000	00001000	10000000	00000000
00000111	00000000	00000000	00001000	10000000	00000000
00001001	00000000	01000000	00001000	00000000	00000000
00000000	00000000	00000000	00001000	00000000	00100000
00000100	00000010	00000000	00000000	00000000	00100000
00000100	00000010	00000000	00000000	00000000	00100000
00000000	00000000	00000000	00010000	00000000	00100000
00000101	00000000	00001000	00010000	00000000	00000000
00000100	00000000	00000100	00010000	00000000	00000000
00000010	00000000	00000000	00010000	00000000	00000000
00001001	00000000	00000000	00010000	00010000	00000000
00001000	00000000	00000000	00010000	00010000	00000000
00010111	00000000	00000000	00010000	00010000	00000000
<\HS-rd4C0.033>				

<HS-amp-rst4C0.033>	
00000000	00000000	00000000	00011000	00000000	00000000			
00000001	00000000	00000000	00011000	00000000	00000000
00001001	00000000	00000000	00001000	10000000	00000000
00001000	00000000	00000000	00001000	10000000	00000000
00000111	00000000	00000000	00001000	10000000	00000000
00001001	00000000	01000000	00001000	00000000	00000000
00000000	00000000	01000000	00001000	00000000	00000000
00000100	00000010	00000000	00000000	00000000	00100000
00000100	00000010	00000000	00000000	00000000	00100000
00000000	00000000	00000000	00010000	00000000	00100000
00000101	00000000	00001000	00010000	00000000	00000000
00000100	00000000	00000100	00010000	00000000	00000000
00000010	00000000	00000000	00010000	00000000	00000000
00001001	00000000	00000000	00010000	00010000	00000000
00001000	00000000	00000000	00010000	00010000	00000000
00010111	00000000	00000000	00010000	00010000	00000000
<\HS-amp-rst4C0.033>				

<HBIN4C0.033>					
00000011	00000000	00000000	00001000	00000000	00000000
00000011	00000000	00000000	00001000	00000000	00000000
00000011	00000000	00000000	00000000	00000000	00100000
00010011	00000000	00000000	00010000	00000000	00000000
<\HBIN4C0.033>	

<ET-KC>				
00100111	11001000	00100000	00010001	00000000	00001000
00100111	11001000	00100000	00010001	00000000	00001000
00100111	11001000	00100000	00010001	00000000	00001000
00110111	11001000	00100000	00010001	00000000	00001000
00100111	10000010	00001000	00001001	00000000	00101000
00100111	10000010	00001000	00001001	00000000	00101000
00100111	10000010	00001000	00001001	00000000	00101000
00000111	01001000	00001000	00001001	00000000	00101000
00000111	01001000	00000000	00001001	00000000	00101000
00000111	01001000	00000000	00001001	00000000	00101000
00000111	01001000	00000000	00001001	00000000	00101000
00110111	11001000	00000000	00001001	00000000	00101000
00100111	11001010	00000000	10000001	00000000	00101000
00100111	11001010	00000000	00000001	00000000	00101000
00100111	11001000	00100000	00010001	00000000	00001000
00110111	11001000	00100000	00010001	00000000	00001000
00100000	11001010	00000000	10000001	00000000	10101000
00100000	11001010	00000000	00000001	00000000	10101000
00100000	11001000	00100000	00010001	00000000	00001000
00100000	11001000	00100000	00010001	00000000	00000000
00100000	11001000	00100000	00010001	00000000	00000000
00100000	11001000	00000000	00001001	00000000	00000000
00100000	11001000	00000000	00001001	00000000	00001000
00110000	11001000	00000000	10001001	00000000	00001000
<\ET-KC>				