SIIB---- 	SSI-ISR- 	--F-A--- 	R--RR--M 	--F----F 	SSR-C-P-
441      	123 23S  	    M    	   31  U 	  I    R 	CC2 T X
         	      T  	    P    	       X 	  R    A 	51  G L
<VS-st>
00100000	10001010	00001000	00001001	00000000	00101000
00100000	10001010	00001000	00001001	00000000	00101000
00100000	01001010	00000000	00001001	00000000	00101000
00110000	01001010	00000000	00001001	00000000	00101000	
<\VS-st>					
					
<VS-all>				
00100000	10000010	00001000	10001001	00000000	00101000
00100000	10000010	00101000	00001001	00000000	00101000
00000000	01001010	00000000	10001001	00000000	00101000
00010000	01001010	00100000	00001001	00000000	00101000
<\VS-all>				

<HV>
00100000	11001000	00000000	00001001	00000000	00001000
00100000	11001000	00000000	00001001	00000000	00001000
00100000	11001000	00000000	00001001	00000000	00001000
00110000	11001000	00000000	00001001	00000000	00001000
<\HV>

<VH>					
00100000	11001000	00000000	00001001	00000000	00001000
00100000	11001000	00000000	00001001	00000000	00001000
00100000	11001000	00000000	00001001	00000000	00001000
00110000	11001000	00000000	00001001	00000000	00001000
<\VH>					

<HS>					
00100000	11001000	00000000	10001001	00000000	00001000
00100000	11001000	00000000	10001001	00000000	00001000
00100000	11001010	00000000	00000001	00000000	10101000
00100000	11001010	00000000	00000001	00000000	10101000
00100000	11001000	00100000	00010001	00000000	00001000
00100000	11001000	00000000	00010001	00000000	00001000
00100000	11001000	00000000	00010001	00000000	00000000
00110000	11001000	00000000	00001001	00000000	00000000
<\HS>					

<HS-exp>					
00100000	11001000	00000000	10001001	00000000	00001000
00100000	11001000	00000000	10001001	00000000	00001000
00100000	11001010	00000000	00000001	00000000	10101000
00100000	11001010	00000000	00000001	00000000	10101000
00100000	11001000	00100000	00010001	00000000	00001000
00100000	11001000	00000000	00010001	00000000	00001000
00100000	11001000	00000000	00010001	00000000	00000000
00110000	11001000	00000000	00001001	00000000	00000000
<\HS-exp>				
					
SIIB---- 	SSI-ISR- 	--F-A--- 	R--RR--M 	--F----F 	SSR-C-P-
441      	123 23S  	    M    	   31  U 	  I    R 	CC2 T X
         	      T  	    P    	       X 	  R    A 	51  G L

<HS-rd2-clk>				
00100000	11001000	00000000	10001001	00000000	00001000
00100000	11001000	00000000	10001001	00000000	00001000
00100000	11001010	00000000	00000001	00000000	10101000
00100000	11001010	00000000	00000001	00000000	10101000
00100000	11001000	00100000	00010001	00000000	00001000
00100000	11001000	00000000	00010001	00000000	00001000
00100000	11001000	00000000	00010001	00000000	00000000
00110000	11001000	00000000	00001001	00000000	00000010
<\HS-rd2-clk>				
					
<HS-rd2>				
00100000	11001000	00000000	10001001	00000000	00001000
00100000	11001000	00000000	10001001	00000000	00001000
00100000	11001010	00000000	00000001	00000000	10101000
00100000	11001010	00000000	00000001	00000000	10101000
00100000	11001000	00100000	00010001	00000000	00001000
00100000	11001000	00000000	00010001	00000000	00001000
00100000	11001000	00000000	00010001	00000000	00000000
00110000	11001000	00000000	00001001	00000000	00000000
<\HS-rd2>				

<HS-amp-rst2>				
00100000	11001000	00000000	10001001	00000000	00001000
00100000	11001000	00000000	10001001	00000000	00001000
00100000	11001010	00000000	00000001	00000000	10101000
00100000	11001010	00000000	00000001	00000000	10101000
00100000	11001000	00100000	00010001	00000000	00001000
00100000	11001000	00000000	00010001	00000000	00001000
00100000	11001000	00000000	00010001	00000000	00000000
00110000	11001000	00000000	00001001	00000000	00000000
<\HS-amp-rst2>				

<HBIN>					
00100000	11001000	00000000	10001001	00000000	00001000
00100000	11001000	00000000	10001001	00000000	00001000
00100000	11001000	00000000	00000001	00000000	00101000
00100000	11001000	00000000	00000001	00000000	00101000
00100000	11001000	00100000	00010001	00000000	00001000
00100000	11001000	00000000	00010001	00000000	00001000
00100000	11001000	00000000	00010001	00000000	00001000
00110000	11001000	00000000	00001001	00000000	00001000
<\HBIN>	

<ET-KC>				
00100111	11001000	00100000	00010001	00000000	00001000
00100111	11001000	00100000	00010001	00000000	00001000
00100111	11001000	00100000	00010001	00000000	00001000
00110111	11001000	00100000	00010001	00000000	00001000
00100111	10000010	00001000	00001001	00000000	00101000
00100111	10000010	00001000	00001001	00000000	00101000
00100111	10000010	00001000	00001001	00000000	00101000
00000111	01001000	00001000	00001001	00000000	00101000
00000111	01001000	00000000	00001001	00000000	00101000
00000111	01001000	00000000	00001001	00000000	00101000
00000111	01001000	00000000	00001001	00000000	00101000
00110111	11001000	00000000	00001001	00000000	00101000
00100111	11001010	00000000	10000001	00000000	00101000
00100111	11001010	00000000	00000001	00000000	00101000
00100111	11001000	00100000	00010001	00000000	00001000
00110111	11001000	00100000	00010001	00000000	00001000
00100000	11001010	00000000	10000001	00000000	10101000
00100000	11001010	00000000	00000001	00000000	10101000
00100000	11001000	00100000	00010001	00000000	00001000
00100000	11001000	00100000	00010001	00000000	00000000
00100000	11001000	00100000	00010001	00000000	00000000
00100000	11001000	00000000	00001001	00000000	00000000
00100000	11001000	00000000	00001001	00000000	00001000
00110000	11001000	00000000	10001001	00000000	00001000
<\ET-KC>				